2.700000000000000000e+02 1.800000000000000000e+02 1.800000000000000000e+02 1.800000000000000000e+02 3.150000000000000000e+02 3.150000000000000000e+02 3.150000000000000000e+02 3.150000000000000000e+02 3.150000000000000000e+02 3.150000000000000000e+02 3.150000000000000000e+02 3.150000000000000000e+02 3.150000000000000000e+02 3.150000000000000000e+02 3.150000000000000000e+02 2.700000000000000000e+02 2.700000000000000000e+02 2.250000000000000000e+02 0.000000000000000000e+00 2.700000000000000000e+02
9.000000000000000000e+01 1.800000000000000000e+02 1.800000000000000000e+02 2.700000000000000000e+02 3.150000000000000000e+02 3.150000000000000000e+02 3.150000000000000000e+02 3.150000000000000000e+02 3.150000000000000000e+02 3.150000000000000000e+02 3.150000000000000000e+02 3.150000000000000000e+02 3.150000000000000000e+02 3.150000000000000000e+02 3.150000000000000000e+02 2.700000000000000000e+02 2.700000000000000000e+02 2.250000000000000000e+02 0.000000000000000000e+00 9.000000000000000000e+01
9.000000000000000000e+01 1.800000000000000000e+02 1.800000000000000000e+02 2.700000000000000000e+02 3.150000000000000000e+02 3.150000000000000000e+02 3.150000000000000000e+02 3.150000000000000000e+02 3.150000000000000000e+02 3.150000000000000000e+02 3.150000000000000000e+02 3.150000000000000000e+02 3.150000000000000000e+02 3.150000000000000000e+02 3.150000000000000000e+02 2.700000000000000000e+02 2.250000000000000000e+02 1.800000000000000000e+02 0.000000000000000000e+00 9.000000000000000000e+01
9.000000000000000000e+01 1.800000000000000000e+02 1.350000000000000000e+02 3.150000000000000000e+02 3.150000000000000000e+02 3.150000000000000000e+02 3.150000000000000000e+02 3.150000000000000000e+02 3.150000000000000000e+02 3.150000000000000000e+02 3.150000000000000000e+02 3.150000000000000000e+02 3.150000000000000000e+02 3.150000000000000000e+02 3.150000000000000000e+02 2.700000000000000000e+02 2.250000000000000000e+02 2.700000000000000000e+02 4.500000000000000000e+01 9.000000000000000000e+01
9.000000000000000000e+01 1.800000000000000000e+02 2.700000000000000000e+02 0.000000000000000000e+00 3.150000000000000000e+02 3.150000000000000000e+02 3.150000000000000000e+02 3.150000000000000000e+02 3.150000000000000000e+02 3.150000000000000000e+02 2.700000000000000000e+02 2.700000000000000000e+02 3.150000000000000000e+02 3.150000000000000000e+02 3.150000000000000000e+02 2.700000000000000000e+02 2.250000000000000000e+02 2.700000000000000000e+02 2.700000000000000000e+02 2.250000000000000000e+02
9.000000000000000000e+01 1.800000000000000000e+02 2.700000000000000000e+02 0.000000000000000000e+00 3.150000000000000000e+02 3.150000000000000000e+02 3.150000000000000000e+02 3.150000000000000000e+02 3.150000000000000000e+02 2.700000000000000000e+02 2.700000000000000000e+02 2.700000000000000000e+02 2.700000000000000000e+02 2.700000000000000000e+02 3.150000000000000000e+02 2.700000000000000000e+02 2.250000000000000000e+02 2.700000000000000000e+02 2.700000000000000000e+02 2.700000000000000000e+02
9.000000000000000000e+01 1.800000000000000000e+02 2.700000000000000000e+02 2.700000000000000000e+02 0.000000000000000000e+00 0.000000000000000000e+00 3.150000000000000000e+02 2.700000000000000000e+02 3.150000000000000000e+02 2.700000000000000000e+02 2.700000000000000000e+02 2.700000000000000000e+02 2.700000000000000000e+02 2.700000000000000000e+02 3.150000000000000000e+02 2.700000000000000000e+02 2.250000000000000000e+02 2.700000000000000000e+02 2.700000000000000000e+02 2.700000000000000000e+02
9.000000000000000000e+01 1.350000000000000000e+02 2.700000000000000000e+02 2.700000000000000000e+02 1.800000000000000000e+02 9.000000000000000000e+01 0.000000000000000000e+00 3.150000000000000000e+02 3.150000000000000000e+02 2.700000000000000000e+02 2.250000000000000000e+02 2.700000000000000000e+02 2.700000000000000000e+02 2.700000000000000000e+02 0.000000000000000000e+00 2.700000000000000000e+02 2.700000000000000000e+02 2.700000000000000000e+02 2.250000000000000000e+02 2.700000000000000000e+02
2.700000000000000000e+02 2.700000000000000000e+02 2.700000000000000000e+02 3.150000000000000000e+02 2.700000000000000000e+02 2.250000000000000000e+02 3.150000000000000000e+02 3.150000000000000000e+02 3.150000000000000000e+02 2.700000000000000000e+02 2.250000000000000000e+02 2.700000000000000000e+02 2.700000000000000000e+02 2.700000000000000000e+02 0.000000000000000000e+00 2.700000000000000000e+02 3.150000000000000000e+02 2.700000000000000000e+02 2.250000000000000000e+02 2.700000000000000000e+02
2.700000000000000000e+02 2.700000000000000000e+02 3.150000000000000000e+02 2.700000000000000000e+02 3.150000000000000000e+02 2.700000000000000000e+02 3.150000000000000000e+02 2.700000000000000000e+02 3.150000000000000000e+02 2.700000000000000000e+02 2.250000000000000000e+02 2.700000000000000000e+02 2.700000000000000000e+02 2.700000000000000000e+02 0.000000000000000000e+00 2.700000000000000000e+02 3.150000000000000000e+02 2.700000000000000000e+02 2.250000000000000000e+02 2.700000000000000000e+02
2.700000000000000000e+02 2.700000000000000000e+02 3.150000000000000000e+02 3.150000000000000000e+02 3.150000000000000000e+02 2.700000000000000000e+02 0.000000000000000000e+00 3.150000000000000000e+02 0.000000000000000000e+00 3.150000000000000000e+02 2.700000000000000000e+02 2.250000000000000000e+02 3.150000000000000000e+02 2.700000000000000000e+02 3.150000000000000000e+02 2.700000000000000000e+02 3.150000000000000000e+02 2.700000000000000000e+02 2.250000000000000000e+02 2.700000000000000000e+02
2.700000000000000000e+02 2.700000000000000000e+02 3.150000000000000000e+02 3.150000000000000000e+02 3.150000000000000000e+02 2.700000000000000000e+02 0.000000000000000000e+00 3.150000000000000000e+02 4.500000000000000000e+01 0.000000000000000000e+00 3.150000000000000000e+02 2.700000000000000000e+02 2.250000000000000000e+02 2.700000000000000000e+02 3.150000000000000000e+02 3.150000000000000000e+02 2.700000000000000000e+02 2.250000000000000000e+02 1.800000000000000000e+02 2.700000000000000000e+02
2.700000000000000000e+02 2.700000000000000000e+02 2.700000000000000000e+02 3.150000000000000000e+02 3.150000000000000000e+02 2.700000000000000000e+02 0.000000000000000000e+00 3.150000000000000000e+02 2.700000000000000000e+02 4.500000000000000000e+01 0.000000000000000000e+00 2.700000000000000000e+02 1.800000000000000000e+02 2.700000000000000000e+02 3.150000000000000000e+02 3.150000000000000000e+02 2.700000000000000000e+02 2.250000000000000000e+02 2.250000000000000000e+02 2.250000000000000000e+02
2.700000000000000000e+02 3.150000000000000000e+02 2.700000000000000000e+02 2.250000000000000000e+02 3.150000000000000000e+02 2.700000000000000000e+02 0.000000000000000000e+00 3.150000000000000000e+02 2.700000000000000000e+02 2.700000000000000000e+02 0.000000000000000000e+00 2.700000000000000000e+02 1.800000000000000000e+02 2.700000000000000000e+02 3.150000000000000000e+02 0.000000000000000000e+00 2.700000000000000000e+02 1.800000000000000000e+02 1.800000000000000000e+02 2.250000000000000000e+02
2.700000000000000000e+02 3.150000000000000000e+02 2.700000000000000000e+02 2.250000000000000000e+02 2.700000000000000000e+02 2.700000000000000000e+02 0.000000000000000000e+00 3.150000000000000000e+02 2.700000000000000000e+02 2.700000000000000000e+02 0.000000000000000000e+00 2.700000000000000000e+02 1.800000000000000000e+02 3.150000000000000000e+02 3.150000000000000000e+02 0.000000000000000000e+00 2.700000000000000000e+02 1.800000000000000000e+02 1.800000000000000000e+02 1.800000000000000000e+02
2.700000000000000000e+02 3.150000000000000000e+02 2.700000000000000000e+02 2.700000000000000000e+02 2.250000000000000000e+02 3.150000000000000000e+02 2.700000000000000000e+02 3.150000000000000000e+02 2.700000000000000000e+02 2.700000000000000000e+02 0.000000000000000000e+00 3.150000000000000000e+02 2.700000000000000000e+02 2.250000000000000000e+02 3.150000000000000000e+02 0.000000000000000000e+00 2.700000000000000000e+02 1.800000000000000000e+02 1.800000000000000000e+02 1.350000000000000000e+02
2.700000000000000000e+02 0.000000000000000000e+00 2.700000000000000000e+02 2.250000000000000000e+02 2.250000000000000000e+02 3.150000000000000000e+02 2.700000000000000000e+02 2.700000000000000000e+02 3.150000000000000000e+02 2.700000000000000000e+02 4.500000000000000000e+01 0.000000000000000000e+00 3.150000000000000000e+02 2.700000000000000000e+02 2.250000000000000000e+02 0.000000000000000000e+00 2.700000000000000000e+02 1.800000000000000000e+02 1.800000000000000000e+02 1.800000000000000000e+02
2.700000000000000000e+02 0.000000000000000000e+00 2.700000000000000000e+02 2.250000000000000000e+02 2.250000000000000000e+02 3.150000000000000000e+02 2.700000000000000000e+02 2.700000000000000000e+02 2.700000000000000000e+02 3.150000000000000000e+02 0.000000000000000000e+00 4.500000000000000000e+01 0.000000000000000000e+00 2.700000000000000000e+02 1.800000000000000000e+02 0.000000000000000000e+00 2.700000000000000000e+02 1.800000000000000000e+02 1.800000000000000000e+02 1.800000000000000000e+02
2.700000000000000000e+02 0.000000000000000000e+00 3.150000000000000000e+02 2.700000000000000000e+02 2.250000000000000000e+02 3.150000000000000000e+02 2.700000000000000000e+02 2.700000000000000000e+02 2.250000000000000000e+02 0.000000000000000000e+00 3.150000000000000000e+02 2.700000000000000000e+02 0.000000000000000000e+00 3.150000000000000000e+02 2.700000000000000000e+02 2.700000000000000000e+02 2.250000000000000000e+02 1.800000000000000000e+02 1.800000000000000000e+02 1.800000000000000000e+02
0.000000000000000000e+00 4.500000000000000000e+01 0.000000000000000000e+00 2.700000000000000000e+02 1.800000000000000000e+02 3.150000000000000000e+02 3.150000000000000000e+02 2.700000000000000000e+02 2.250000000000000000e+02 3.150000000000000000e+02 0.000000000000000000e+00 3.150000000000000000e+02 4.500000000000000000e+01 0.000000000000000000e+00 3.150000000000000000e+02 2.700000000000000000e+02 1.800000000000000000e+02 1.350000000000000000e+02 1.350000000000000000e+02 1.800000000000000000e+02
9.000000000000000000e+01 0.000000000000000000e+00 0.000000000000000000e+00 2.700000000000000000e+02 2.250000000000000000e+02 3.150000000000000000e+02 2.700000000000000000e+02 2.700000000000000000e+02 2.250000000000000000e+02 3.150000000000000000e+02 2.700000000000000000e+02 3.150000000000000000e+02 2.700000000000000000e+02 4.500000000000000000e+01 0.000000000000000000e+00 2.700000000000000000e+02 1.800000000000000000e+02 1.800000000000000000e+02 1.800000000000000000e+02 1.800000000000000000e+02
0.000000000000000000e+00 0.000000000000000000e+00 0.000000000000000000e+00 3.150000000000000000e+02 2.700000000000000000e+02 0.000000000000000000e+00 0.000000000000000000e+00 3.150000000000000000e+02 2.700000000000000000e+02 2.250000000000000000e+02 3.150000000000000000e+02 2.700000000000000000e+02 2.700000000000000000e+02 0.000000000000000000e+00 0.000000000000000000e+00 2.700000000000000000e+02 1.800000000000000000e+02 1.800000000000000000e+02 1.800000000000000000e+02 1.800000000000000000e+02
0.000000000000000000e+00 0.000000000000000000e+00 0.000000000000000000e+00 0.000000000000000000e+00 3.150000000000000000e+02 2.700000000000000000e+02 2.250000000000000000e+02 3.150000000000000000e+02 2.700000000000000000e+02 1.800000000000000000e+02 0.000000000000000000e+00 0.000000000000000000e+00 3.150000000000000000e+02 0.000000000000000000e+00 0.000000000000000000e+00 2.700000000000000000e+02 1.800000000000000000e+02 1.800000000000000000e+02 1.800000000000000000e+02 1.800000000000000000e+02
0.000000000000000000e+00 0.000000000000000000e+00 0.000000000000000000e+00 4.500000000000000000e+01 0.000000000000000000e+00 3.150000000000000000e+02 2.700000000000000000e+02 2.250000000000000000e+02 3.150000000000000000e+02 2.700000000000000000e+02 0.000000000000000000e+00 0.000000000000000000e+00 0.000000000000000000e+00 0.000000000000000000e+00 0.000000000000000000e+00 2.700000000000000000e+02 1.800000000000000000e+02 1.800000000000000000e+02 1.800000000000000000e+02 1.800000000000000000e+02
0.000000000000000000e+00 0.000000000000000000e+00 0.000000000000000000e+00 9.000000000000000000e+01 4.500000000000000000e+01 0.000000000000000000e+00 3.150000000000000000e+02 2.700000000000000000e+02 2.250000000000000000e+02 3.150000000000000000e+02 3.150000000000000000e+02 3.150000000000000000e+02 0.000000000000000000e+00 0.000000000000000000e+00 0.000000000000000000e+00 2.700000000000000000e+02 1.800000000000000000e+02 1.800000000000000000e+02 1.800000000000000000e+02 1.800000000000000000e+02
0.000000000000000000e+00 0.000000000000000000e+00 0.000000000000000000e+00 4.500000000000000000e+01 4.500000000000000000e+01 4.500000000000000000e+01 0.000000000000000000e+00 3.150000000000000000e+02 2.700000000000000000e+02 2.250000000000000000e+02 2.700000000000000000e+02 2.700000000000000000e+02 0.000000000000000000e+00 0.000000000000000000e+00 0.000000000000000000e+00 2.700000000000000000e+02 1.800000000000000000e+02 1.800000000000000000e+02 1.800000000000000000e+02 1.800000000000000000e+02
0.000000000000000000e+00 0.000000000000000000e+00 0.000000000000000000e+00 4.500000000000000000e+01 4.500000000000000000e+01 0.000000000000000000e+00 4.500000000000000000e+01 0.000000000000000000e+00 3.150000000000000000e+02 2.700000000000000000e+02 2.700000000000000000e+02 2.250000000000000000e+02 3.150000000000000000e+02 3.150000000000000000e+02 2.700000000000000000e+02 2.250000000000000000e+02 1.800000000000000000e+02 1.800000000000000000e+02 1.800000000000000000e+02 1.800000000000000000e+02
0.000000000000000000e+00 0.000000000000000000e+00 0.000000000000000000e+00 4.500000000000000000e+01 4.500000000000000000e+01 0.000000000000000000e+00 4.500000000000000000e+01 4.500000000000000000e+01 0.000000000000000000e+00 3.150000000000000000e+02 2.700000000000000000e+02 2.250000000000000000e+02 3.150000000000000000e+02 0.000000000000000000e+00 2.700000000000000000e+02 1.800000000000000000e+02 1.350000000000000000e+02 1.800000000000000000e+02 1.800000000000000000e+02 1.800000000000000000e+02
0.000000000000000000e+00 0.000000000000000000e+00 0.000000000000000000e+00 4.500000000000000000e+01 4.500000000000000000e+01 0.000000000000000000e+00 4.500000000000000000e+01 0.000000000000000000e+00 4.500000000000000000e+01 0.000000000000000000e+00 3.150000000000000000e+02 2.700000000000000000e+02 3.150000000000000000e+02 2.700000000000000000e+02 2.250000000000000000e+02 1.800000000000000000e+02 1.800000000000000000e+02 1.800000000000000000e+02 1.800000000000000000e+02 1.800000000000000000e+02
0.000000000000000000e+00 0.000000000000000000e+00 0.000000000000000000e+00 4.500000000000000000e+01 4.500000000000000000e+01 0.000000000000000000e+00 4.500000000000000000e+01 0.000000000000000000e+00 4.500000000000000000e+01 0.000000000000000000e+00 0.000000000000000000e+00 3.150000000000000000e+02 2.700000000000000000e+02 2.700000000000000000e+02 2.250000000000000000e+02 1.800000000000000000e+02 1.800000000000000000e+02 1.800000000000000000e+02 1.800000000000000000e+02 1.800000000000000000e+02
0.000000000000000000e+00 0.000000000000000000e+00 4.500000000000000000e+01 4.500000000000000000e+01 4.500000000000000000e+01 0.000000000000000000e+00 4.500000000000000000e+01 0.000000000000000000e+00 4.500000000000000000e+01 4.500000000000000000e+01 9.000000000000000000e+01 0.000000000000000000e+00 3.150000000000000000e+02 2.700000000000000000e+02 1.800000000000000000e+02 1.350000000000000000e+02 1.800000000000000000e+02 1.800000000000000000e+02 1.800000000000000000e+02 1.800000000000000000e+02
0.000000000000000000e+00 0.000000000000000000e+00 4.500000000000000000e+01 0.000000000000000000e+00 4.500000000000000000e+01 0.000000000000000000e+00 4.500000000000000000e+01 0.000000000000000000e+00 4.500000000000000000e+01 4.500000000000000000e+01 9.000000000000000000e+01 4.500000000000000000e+01 0.000000000000000000e+00 2.700000000000000000e+02 1.800000000000000000e+02 1.800000000000000000e+02 1.800000000000000000e+02 1.800000000000000000e+02 1.800000000000000000e+02 1.800000000000000000e+02
0.000000000000000000e+00 0.000000000000000000e+00 4.500000000000000000e+01 0.000000000000000000e+00 4.500000000000000000e+01 0.000000000000000000e+00 4.500000000000000000e+01 0.000000000000000000e+00 4.500000000000000000e+01 4.500000000000000000e+01 4.500000000000000000e+01 0.000000000000000000e+00 0.000000000000000000e+00 3.150000000000000000e+02 2.700000000000000000e+02 2.700000000000000000e+02 2.250000000000000000e+02 2.250000000000000000e+02 1.800000000000000000e+02 1.800000000000000000e+02
2.700000000000000000e+02 0.000000000000000000e+00 4.500000000000000000e+01 0.000000000000000000e+00 4.500000000000000000e+01 0.000000000000000000e+00 4.500000000000000000e+01 0.000000000000000000e+00 4.500000000000000000e+01 4.500000000000000000e+01 4.500000000000000000e+01 0.000000000000000000e+00 4.500000000000000000e+01 0.000000000000000000e+00 3.150000000000000000e+02 2.700000000000000000e+02 1.800000000000000000e+02 1.800000000000000000e+02 1.350000000000000000e+02 1.350000000000000000e+02
2.700000000000000000e+02 4.500000000000000000e+01 9.000000000000000000e+01 0.000000000000000000e+00 4.500000000000000000e+01 0.000000000000000000e+00 4.500000000000000000e+01 0.000000000000000000e+00 4.500000000000000000e+01 4.500000000000000000e+01 0.000000000000000000e+00 0.000000000000000000e+00 0.000000000000000000e+00 4.500000000000000000e+01 0.000000000000000000e+00 2.700000000000000000e+02 1.800000000000000000e+02 1.800000000000000000e+02 1.800000000000000000e+02 1.350000000000000000e+02
2.700000000000000000e+02 2.250000000000000000e+02 0.000000000000000000e+00 0.000000000000000000e+00 4.500000000000000000e+01 0.000000000000000000e+00 4.500000000000000000e+01 0.000000000000000000e+00 4.500000000000000000e+01 9.000000000000000000e+01 0.000000000000000000e+00 0.000000000000000000e+00 4.500000000000000000e+01 0.000000000000000000e+00 0.000000000000000000e+00 2.700000000000000000e+02 1.800000000000000000e+02 1.800000000000000000e+02 1.350000000000000000e+02 2.700000000000000000e+02
2.700000000000000000e+02 2.250000000000000000e+02 0.000000000000000000e+00 0.000000000000000000e+00 4.500000000000000000e+01 0.000000000000000000e+00 4.500000000000000000e+01 0.000000000000000000e+00 4.500000000000000000e+01 4.500000000000000000e+01 0.000000000000000000e+00 0.000000000000000000e+00 4.500000000000000000e+01 4.500000000000000000e+01 0.000000000000000000e+00 2.700000000000000000e+02 1.800000000000000000e+02 1.800000000000000000e+02 3.150000000000000000e+02 2.700000000000000000e+02
2.700000000000000000e+02 2.250000000000000000e+02 2.250000000000000000e+02 0.000000000000000000e+00 4.500000000000000000e+01 0.000000000000000000e+00 4.500000000000000000e+01 0.000000000000000000e+00 4.500000000000000000e+01 0.000000000000000000e+00 0.000000000000000000e+00 0.000000000000000000e+00 4.500000000000000000e+01 4.500000000000000000e+01 0.000000000000000000e+00 2.700000000000000000e+02 1.800000000000000000e+02 1.800000000000000000e+02 3.150000000000000000e+02 2.700000000000000000e+02
2.700000000000000000e+02 1.800000000000000000e+02 1.800000000000000000e+02 0.000000000000000000e+00 4.500000000000000000e+01 0.000000000000000000e+00 4.500000000000000000e+01 0.000000000000000000e+00 4.500000000000000000e+01 4.500000000000000000e+01 0.000000000000000000e+00 0.000000000000000000e+00 9.000000000000000000e+01 0.000000000000000000e+00 0.000000000000000000e+00 2.700000000000000000e+02 1.800000000000000000e+02 1.350000000000000000e+02 3.150000000000000000e+02 2.700000000000000000e+02
9.000000000000000000e+01 1.800000000000000000e+02 1.800000000000000000e+02 4.500000000000000000e+01 9.000000000000000000e+01 4.500000000000000000e+01 4.500000000000000000e+01 4.500000000000000000e+01 9.000000000000000000e+01 4.500000000000000000e+01 4.500000000000000000e+01 4.500000000000000000e+01 9.000000000000000000e+01 0.000000000000000000e+00 0.000000000000000000e+00 0.000000000000000000e+00 1.800000000000000000e+02 0.000000000000000000e+00 0.000000000000000000e+00 9.000000000000000000e+01
