0 -49
1 -2
2 1 -3
3 2 -4
4 3 -5
5 4 -6
6 5 -7
7 6 -8
8 7 -19
9 -10
10 9 -11
11 10 -12
12 11 -13
13 12 -14
14 13 -15
15 14 -16
16 15 -17
17 16 -18
18 17 -19
19 18 8 -20
20 19 -21
21 20 -57
22 -23
23 22 -24
24 23 -25
25 24 -26
26 25 -27
27 26 -28
28 27 -29
29 28 -30
30 29 -31
31 30 -32
32 31 -46
33 -34
34 33 -35
35 34 -36
36 35 -37
37 36 -38
38 37 -39
39 38 -40
40 39 -41
41 40 -42
42 41 -43
43 42 -44
44 43 -45
45 44 -46
46 45 32 -47
47 46 -48
48 47 -49
49 48 0 -50
50 49 -51
51 50 -52
52 51 -53
53 52 -54
54 53 -55
55 54 -56
56 55 -57
57 56 21 -58
58 57 -59
59 58 -60
60 59 -61
61 60 -62
62 61 -63
63 62 -64
64 63 -65
65 64
