20 0 1 2 25 26 27 28 29 30 31 32 33 34 35 35 36 36 19 39
0 20 21 43 45 46 47 48 49 50 51 52 53 54 55 55 56 56 39 19
20 40 41 63 65 66 67 68 69 70 71 72 73 74 75 75 75 56 59 39
40 60 41 84 85 86 87 88 89 90 91 92 93 94 95 95 95 97 59 59
60 80 102 84 105 106 107 108 109 110 110 111 113 114 115 115 115 117 118 118
80 100 122 104 125 126 127 128 129 129 130 131 132 133 135 135 135 137 138 139
100 120 142 143 125 126 147 147 149 149 150 151 152 153 155 155 155 157 158 159
120 120 162 163 143 125 147 168 169 169 169 171 172 173 155 175 176 177 177 179
180 181 182 184 184 184 187 188 189 189 189 191 192 193 175 195 197 197 197 199
200 201 203 203 205 205 207 207 209 209 209 211 212 213 195 215 217 217 217 219
220 221 223 224 225 225 207 228 209 230 230 230 233 233 235 235 237 237 237 239
240 241 243 244 245 245 227 248 209 230 251 251 251 253 255 256 256 256 237 259
260 261 262 264 265 265 247 268 268 230 251 271 251 273 275 276 276 276 277 278
280 282 282 282 285 285 267 288 288 289 271 291 271 293 295 276 296 276 277 298
300 302 302 302 304 305 287 308 308 309 291 311 291 314 315 296 316 296 297 298
320 322 322 323 323 326 326 328 328 329 311 332 332 332 335 316 336 316 317 298
340 322 342 342 343 346 346 347 349 349 311 332 353 353 353 336 356 336 337 338
360 342 362 362 363 366 366 367 368 370 351 332 353 373 353 356 376 356 357 358
380 362 383 383 383 386 386 387 387 370 391 391 373 394 394 395 395 376 377 378
381 362 383 403 383 406 407 407 407 410 391 412 373 394 415 415 395 376 377 398
380 402 403 423 423 426 426 427 427 430 430 432 432 394 415 435 415 416 417 418
421 422 423 444 444 426 427 448 448 448 451 451 452 434 435 455 435 436 437 438
441 442 443 444 465 465 465 468 468 448 451 452 473 454 455 475 455 456 457 458
461 462 463 444 465 486 486 486 489 489 471 472 473 474 475 495 475 476 477 478
481 482 483 463 465 486 507 507 507 510 511 512 493 494 495 515 495 496 497 498
501 502 503 484 485 486 507 528 528 528 530 531 513 514 515 535 515 516 517 518
521 522 523 504 505 526 507 528 549 549 550 550 553 554 554 554 535 536 537 538
541 542 543 524 525 546 527 528 549 570 570 570 573 554 574 554 535 556 557 558
561 562 563 544 545 566 547 568 549 570 591 591 593 593 593 574 575 576 577 578
581 582 583 564 565 586 567 588 569 590 591 612 612 613 613 594 595 596 597 598
601 602 583 584 585 606 587 608 589 590 590 612 633 633 613 594 615 616 617 618
621 622 603 624 605 626 607 628 609 610 610 612 633 653 633 634 635 636 637 638
641 642 623 644 625 646 627 648 629 630 631 652 653 674 674 675 675 676 657 658
680 662 643 664 645 666 647 668 649 650 651 672 653 674 695 695 675 676 657 658
700 662 662 684 665 686 667 688 669 670 691 692 693 674 695 715 695 696 697 678
720 720 703 704 685 706 687 708 689 689 711 712 693 714 715 735 715 716 697 739
740 740 723 724 705 726 707 728 709 710 731 732 713 714 735 755 735 736 759 759
760 760 761 744 725 746 727 748 729 750 751 752 733 734 755 775 755 756 779 779
780 760 761 764 745 766 747 768 749 750 771 772 752 774 775 795 775 756 799 799
760 780 781 764 764 766 767 768 768 770 771 772 772 794 795 795 795 798 799 779
