2.500000000000000000e+05 1.875000000000000000e+05 1.250000000000000000e+05 6.250000000000000000e+04 6.250000000000000000e+04 6.250000000000000000e+04 6.250000000000000000e+04 6.250000000000000000e+04 6.250000000000000000e+04 6.250000000000000000e+04 6.250000000000000000e+04 6.250000000000000000e+04 6.250000000000000000e+04 6.250000000000000000e+04 6.250000000000000000e+04 6.250000000000000000e+04 6.250000000000000000e+04 6.250000000000000000e+04 6.250000000000000000e+04 1.250000000000000000e+05
1.062500000000000000e+06 1.250000000000000000e+05 6.250000000000000000e+04 6.250000000000000000e+04 6.250000000000000000e+04 1.250000000000000000e+05 1.250000000000000000e+05 1.250000000000000000e+05 1.250000000000000000e+05 1.250000000000000000e+05 1.250000000000000000e+05 1.250000000000000000e+05 1.250000000000000000e+05 1.250000000000000000e+05 1.250000000000000000e+05 1.875000000000000000e+05 1.875000000000000000e+05 6.250000000000000000e+04 6.250000000000000000e+04 3.750000000000000000e+05
8.750000000000000000e+05 1.875000000000000000e+05 6.250000000000000000e+04 1.250000000000000000e+05 6.250000000000000000e+04 1.250000000000000000e+05 1.875000000000000000e+05 1.875000000000000000e+05 1.875000000000000000e+05 1.875000000000000000e+05 1.875000000000000000e+05 1.875000000000000000e+05 1.875000000000000000e+05 1.875000000000000000e+05 1.875000000000000000e+05 3.750000000000000000e+05 3.750000000000000000e+05 6.250000000000000000e+04 6.250000000000000000e+04 2.500000000000000000e+05
6.250000000000000000e+05 6.250000000000000000e+04 6.250000000000000000e+04 1.875000000000000000e+05 6.250000000000000000e+04 1.250000000000000000e+05 1.875000000000000000e+05 2.500000000000000000e+05 2.500000000000000000e+05 2.500000000000000000e+05 2.500000000000000000e+05 2.500000000000000000e+05 2.500000000000000000e+05 2.500000000000000000e+05 2.500000000000000000e+05 1.000000000000000000e+06 6.250000000000000000e+04 6.250000000000000000e+04 6.250000000000000000e+04 6.250000000000000000e+04
5.000000000000000000e+05 6.250000000000000000e+04 6.250000000000000000e+04 6.250000000000000000e+04 3.125000000000000000e+05 1.250000000000000000e+05 1.875000000000000000e+05 2.500000000000000000e+05 3.125000000000000000e+05 3.125000000000000000e+05 3.125000000000000000e+05 3.125000000000000000e+05 3.125000000000000000e+05 3.125000000000000000e+05 3.125000000000000000e+05 1.375000000000000000e+06 6.250000000000000000e+04 1.250000000000000000e+05 6.250000000000000000e+04 6.250000000000000000e+04
3.750000000000000000e+05 6.250000000000000000e+04 1.250000000000000000e+05 6.250000000000000000e+04 1.250000000000000000e+05 3.750000000000000000e+05 1.875000000000000000e+05 2.500000000000000000e+05 3.125000000000000000e+05 3.750000000000000000e+05 6.875000000000000000e+05 3.750000000000000000e+05 6.250000000000000000e+04 3.750000000000000000e+05 3.750000000000000000e+05 1.812500000000000000e+06 6.250000000000000000e+04 1.875000000000000000e+05 1.875000000000000000e+05 6.250000000000000000e+04
2.500000000000000000e+05 6.250000000000000000e+04 1.875000000000000000e+05 6.250000000000000000e+04 6.250000000000000000e+04 3.125000000000000000e+05 7.500000000000000000e+05 2.500000000000000000e+05 3.125000000000000000e+05 7.500000000000000000e+05 7.500000000000000000e+05 4.375000000000000000e+05 1.250000000000000000e+05 4.375000000000000000e+05 6.250000000000000000e+04 2.312500000000000000e+06 6.250000000000000000e+04 2.500000000000000000e+05 2.500000000000000000e+05 1.250000000000000000e+05
6.250000000000000000e+04 6.250000000000000000e+04 2.500000000000000000e+05 1.875000000000000000e+05 6.250000000000000000e+04 6.250000000000000000e+04 6.250000000000000000e+04 1.125000000000000000e+06 6.250000000000000000e+04 1.125000000000000000e+06 8.125000000000000000e+05 5.000000000000000000e+05 1.875000000000000000e+05 5.000000000000000000e+05 6.250000000000000000e+04 2.562500000000000000e+06 6.250000000000000000e+04 3.125000000000000000e+05 3.125000000000000000e+05 1.875000000000000000e+05
6.250000000000000000e+04 6.250000000000000000e+04 3.125000000000000000e+05 2.500000000000000000e+05 6.250000000000000000e+04 6.250000000000000000e+04 6.250000000000000000e+04 6.250000000000000000e+04 1.187500000000000000e+06 2.062500000000000000e+06 6.250000000000000000e+04 5.625000000000000000e+05 2.500000000000000000e+05 5.625000000000000000e+05 6.250000000000000000e+04 2.687500000000000000e+06 1.250000000000000000e+05 6.875000000000000000e+05 6.250000000000000000e+04 2.500000000000000000e+05
1.250000000000000000e+05 1.250000000000000000e+05 3.750000000000000000e+05 6.250000000000000000e+04 4.375000000000000000e+05 6.250000000000000000e+04 6.250000000000000000e+04 1.250000000000000000e+05 1.250000000000000000e+05 3.375000000000000000e+06 6.250000000000000000e+04 6.250000000000000000e+05 3.125000000000000000e+05 6.250000000000000000e+05 6.250000000000000000e+04 2.812500000000000000e+06 6.250000000000000000e+04 9.375000000000000000e+05 6.250000000000000000e+04 3.125000000000000000e+05
1.875000000000000000e+05 1.875000000000000000e+05 6.250000000000000000e+04 5.000000000000000000e+05 6.250000000000000000e+04 5.625000000000000000e+05 6.250000000000000000e+04 3.125000000000000000e+05 6.250000000000000000e+04 4.062500000000000000e+06 6.250000000000000000e+04 6.875000000000000000e+05 3.750000000000000000e+05 6.875000000000000000e+05 6.250000000000000000e+04 2.875000000000000000e+06 6.250000000000000000e+04 1.125000000000000000e+06 6.250000000000000000e+04 3.750000000000000000e+05
2.500000000000000000e+05 2.500000000000000000e+05 6.250000000000000000e+04 1.250000000000000000e+05 5.625000000000000000e+05 6.875000000000000000e+05 6.250000000000000000e+04 1.250000000000000000e+05 3.750000000000000000e+05 6.250000000000000000e+04 5.000000000000000000e+06 6.250000000000000000e+04 6.250000000000000000e+04 1.125000000000000000e+06 6.250000000000000000e+04 3.000000000000000000e+06 6.250000000000000000e+04 1.375000000000000000e+06 6.250000000000000000e+04 4.375000000000000000e+05
3.125000000000000000e+05 3.125000000000000000e+05 6.250000000000000000e+04 1.250000000000000000e+05 1.875000000000000000e+05 1.312500000000000000e+06 6.250000000000000000e+04 1.250000000000000000e+05 1.875000000000000000e+05 6.250000000000000000e+04 6.250000000000000000e+04 5.312500000000000000e+06 6.250000000000000000e+04 1.187500000000000000e+06 6.250000000000000000e+04 1.250000000000000000e+05 4.500000000000000000e+06 6.250000000000000000e+04 6.250000000000000000e+04 5.000000000000000000e+05
3.750000000000000000e+05 3.750000000000000000e+05 1.250000000000000000e+05 6.250000000000000000e+04 1.875000000000000000e+05 1.562500000000000000e+06 6.250000000000000000e+04 1.250000000000000000e+05 3.750000000000000000e+05 6.250000000000000000e+04 6.250000000000000000e+04 5.500000000000000000e+06 6.250000000000000000e+04 1.250000000000000000e+06 6.250000000000000000e+04 1.250000000000000000e+05 5.562500000000000000e+06 6.875000000000000000e+05 5.625000000000000000e+05 6.250000000000000000e+04
4.375000000000000000e+05 6.250000000000000000e+04 6.250000000000000000e+05 6.250000000000000000e+04 6.250000000000000000e+04 1.812500000000000000e+06 6.250000000000000000e+04 1.250000000000000000e+05 5.625000000000000000e+05 1.250000000000000000e+05 6.250000000000000000e+04 5.687500000000000000e+06 6.250000000000000000e+04 1.312500000000000000e+06 6.250000000000000000e+04 1.250000000000000000e+05 6.062500000000000000e+06 3.125000000000000000e+05 2.500000000000000000e+05 6.250000000000000000e+04
5.000000000000000000e+05 6.250000000000000000e+04 8.125000000000000000e+05 6.250000000000000000e+04 1.250000000000000000e+05 1.875000000000000000e+06 6.250000000000000000e+04 6.250000000000000000e+04 7.500000000000000000e+05 1.875000000000000000e+05 6.250000000000000000e+04 5.875000000000000000e+06 6.250000000000000000e+04 6.250000000000000000e+04 1.375000000000000000e+06 1.250000000000000000e+05 6.375000000000000000e+06 1.250000000000000000e+05 6.250000000000000000e+04 6.250000000000000000e+04
5.625000000000000000e+05 6.250000000000000000e+04 1.000000000000000000e+06 2.500000000000000000e+05 6.250000000000000000e+04 6.250000000000000000e+04 2.000000000000000000e+06 6.250000000000000000e+04 8.750000000000000000e+05 2.500000000000000000e+05 6.250000000000000000e+04 6.250000000000000000e+04 6.250000000000000000e+06 6.250000000000000000e+04 6.250000000000000000e+04 1.437500000000000000e+06 8.062500000000000000e+06 1.875000000000000000e+05 1.250000000000000000e+05 6.250000000000000000e+04
6.250000000000000000e+05 6.250000000000000000e+04 1.375000000000000000e+06 1.250000000000000000e+05 6.250000000000000000e+04 6.250000000000000000e+04 2.125000000000000000e+06 1.250000000000000000e+05 6.250000000000000000e+04 1.187500000000000000e+06 6.250000000000000000e+04 1.250000000000000000e+05 6.250000000000000000e+04 6.562500000000000000e+06 6.250000000000000000e+04 6.250000000000000000e+04 8.375000000000000000e+06 1.875000000000000000e+05 1.250000000000000000e+05 6.250000000000000000e+04
6.875000000000000000e+05 6.250000000000000000e+04 2.500000000000000000e+06 1.250000000000000000e+05 6.250000000000000000e+04 6.250000000000000000e+04 2.250000000000000000e+06 1.875000000000000000e+05 1.250000000000000000e+05 6.250000000000000000e+04 1.312500000000000000e+06 6.250000000000000000e+04 6.250000000000000000e+04 6.750000000000000000e+06 6.250000000000000000e+04 6.250000000000000000e+04 8.812500000000000000e+06 3.125000000000000000e+05 1.250000000000000000e+05 6.250000000000000000e+04
8.125000000000000000e+05 8.750000000000000000e+05 6.250000000000000000e+04 2.875000000000000000e+06 6.250000000000000000e+04 6.250000000000000000e+04 2.375000000000000000e+06 3.750000000000000000e+05 6.250000000000000000e+04 6.250000000000000000e+04 6.250000000000000000e+04 1.500000000000000000e+06 6.250000000000000000e+04 6.250000000000000000e+04 7.000000000000000000e+06 9.000000000000000000e+06 6.250000000000000000e+04 6.250000000000000000e+04 1.250000000000000000e+05 6.250000000000000000e+04
6.250000000000000000e+04 6.250000000000000000e+04 1.250000000000000000e+05 3.062500000000000000e+06 6.250000000000000000e+04 6.250000000000000000e+04 1.250000000000000000e+05 2.875000000000000000e+06 6.250000000000000000e+04 6.250000000000000000e+04 1.250000000000000000e+05 6.250000000000000000e+04 1.562500000000000000e+06 6.250000000000000000e+04 6.250000000000000000e+04 1.637500000000000000e+07 2.500000000000000000e+05 1.875000000000000000e+05 1.250000000000000000e+05 6.250000000000000000e+04
6.250000000000000000e+04 1.250000000000000000e+05 1.875000000000000000e+05 3.375000000000000000e+06 6.250000000000000000e+04 6.250000000000000000e+04 3.125000000000000000e+05 3.312500000000000000e+06 6.250000000000000000e+04 6.250000000000000000e+04 2.500000000000000000e+05 6.250000000000000000e+04 1.687500000000000000e+06 6.250000000000000000e+04 1.250000000000000000e+05 1.681250000000000000e+07 2.500000000000000000e+05 1.875000000000000000e+05 1.250000000000000000e+05 6.250000000000000000e+04
6.250000000000000000e+04 1.250000000000000000e+05 1.875000000000000000e+05 2.500000000000000000e+05 4.250000000000000000e+06 6.250000000000000000e+04 6.250000000000000000e+04 6.250000000000000000e+04 3.562500000000000000e+06 6.250000000000000000e+04 6.250000000000000000e+04 4.375000000000000000e+05 2.187500000000000000e+06 6.250000000000000000e+04 1.250000000000000000e+05 1.725000000000000000e+07 2.500000000000000000e+05 1.875000000000000000e+05 1.250000000000000000e+05 6.250000000000000000e+04
6.250000000000000000e+04 1.250000000000000000e+05 1.875000000000000000e+05 5.000000000000000000e+05 6.250000000000000000e+04 4.812500000000000000e+06 6.250000000000000000e+04 6.250000000000000000e+04 3.687500000000000000e+06 6.250000000000000000e+04 6.250000000000000000e+04 1.250000000000000000e+05 1.875000000000000000e+05 2.437500000000000000e+06 2.500000000000000000e+06 2.006250000000000000e+07 2.500000000000000000e+05 1.875000000000000000e+05 1.250000000000000000e+05 6.250000000000000000e+04
6.250000000000000000e+04 1.250000000000000000e+05 1.875000000000000000e+05 2.500000000000000000e+05 3.125000000000000000e+05 3.750000000000000000e+05 5.750000000000000000e+06 6.250000000000000000e+04 6.250000000000000000e+04 3.812500000000000000e+06 6.250000000000000000e+04 6.250000000000000000e+04 6.250000000000000000e+04 1.250000000000000000e+05 1.875000000000000000e+05 2.056250000000000000e+07 2.500000000000000000e+05 1.875000000000000000e+05 1.250000000000000000e+05 6.250000000000000000e+04
6.250000000000000000e+04 1.250000000000000000e+05 1.875000000000000000e+05 2.500000000000000000e+05 3.125000000000000000e+05 3.750000000000000000e+05 6.250000000000000000e+04 6.437500000000000000e+06 6.250000000000000000e+04 6.250000000000000000e+04 3.875000000000000000e+06 1.250000000000000000e+05 1.250000000000000000e+05 1.875000000000000000e+05 2.500000000000000000e+05 2.112500000000000000e+07 2.500000000000000000e+05 1.875000000000000000e+05 1.250000000000000000e+05 6.250000000000000000e+04
6.250000000000000000e+04 1.250000000000000000e+05 1.875000000000000000e+05 2.500000000000000000e+05 3.125000000000000000e+05 3.750000000000000000e+05 4.375000000000000000e+05 6.875000000000000000e+05 7.812500000000000000e+06 6.250000000000000000e+04 3.937500000000000000e+06 1.875000000000000000e+05 6.250000000000000000e+04 6.250000000000000000e+04 6.250000000000000000e+04 2.168750000000000000e+07 2.500000000000000000e+05 1.875000000000000000e+05 1.250000000000000000e+05 6.250000000000000000e+04
6.250000000000000000e+04 1.250000000000000000e+05 1.875000000000000000e+05 2.500000000000000000e+05 3.125000000000000000e+05 5.625000000000000000e+05 6.250000000000000000e+05 5.000000000000000000e+05 6.250000000000000000e+04 8.312500000000000000e+06 4.187500000000000000e+06 6.250000000000000000e+04 6.250000000000000000e+04 1.250000000000000000e+05 2.206250000000000000e+07 6.250000000000000000e+04 2.500000000000000000e+05 1.875000000000000000e+05 1.250000000000000000e+05 6.250000000000000000e+04
6.250000000000000000e+04 1.250000000000000000e+05 1.875000000000000000e+05 2.500000000000000000e+05 5.000000000000000000e+05 3.750000000000000000e+05 4.375000000000000000e+05 2.500000000000000000e+05 3.125000000000000000e+05 6.250000000000000000e+05 1.325000000000000000e+07 6.250000000000000000e+04 6.250000000000000000e+04 1.250000000000000000e+05 2.243750000000000000e+07 3.125000000000000000e+05 2.500000000000000000e+05 1.875000000000000000e+05 1.250000000000000000e+05 6.250000000000000000e+04
6.250000000000000000e+04 1.250000000000000000e+05 1.875000000000000000e+05 4.375000000000000000e+05 3.125000000000000000e+05 1.250000000000000000e+05 1.875000000000000000e+05 5.000000000000000000e+05 5.625000000000000000e+05 6.875000000000000000e+05 2.250000000000000000e+06 1.562500000000000000e+07 6.250000000000000000e+04 2.268750000000000000e+07 6.875000000000000000e+05 3.125000000000000000e+05 2.500000000000000000e+05 1.875000000000000000e+05 1.250000000000000000e+05 6.250000000000000000e+04
6.250000000000000000e+04 1.250000000000000000e+05 1.875000000000000000e+05 2.500000000000000000e+05 6.250000000000000000e+04 3.750000000000000000e+05 4.375000000000000000e+05 5.625000000000000000e+05 6.250000000000000000e+05 4.375000000000000000e+05 1.062500000000000000e+06 6.250000000000000000e+04 1.643750000000000000e+07 2.350000000000000000e+07 6.250000000000000000e+04 3.125000000000000000e+05 2.500000000000000000e+05 1.875000000000000000e+05 1.250000000000000000e+05 6.250000000000000000e+04
6.250000000000000000e+04 1.250000000000000000e+05 1.875000000000000000e+05 2.500000000000000000e+05 3.125000000000000000e+05 4.375000000000000000e+05 5.000000000000000000e+05 3.125000000000000000e+05 3.750000000000000000e+05 4.375000000000000000e+05 5.625000000000000000e+05 6.250000000000000000e+05 6.250000000000000000e+04 4.043750000000000000e+07 3.750000000000000000e+05 3.125000000000000000e+05 2.500000000000000000e+05 1.875000000000000000e+05 1.250000000000000000e+05 6.250000000000000000e+04
6.250000000000000000e+04 1.250000000000000000e+05 1.875000000000000000e+05 3.125000000000000000e+05 3.750000000000000000e+05 1.875000000000000000e+05 2.500000000000000000e+05 3.125000000000000000e+05 3.750000000000000000e+05 5.000000000000000000e+05 5.625000000000000000e+05 1.125000000000000000e+06 1.187500000000000000e+06 4.181250000000000000e+07 6.250000000000000000e+04 6.250000000000000000e+04 6.250000000000000000e+04 3.750000000000000000e+05 1.875000000000000000e+05 6.250000000000000000e+04
6.250000000000000000e+04 6.250000000000000000e+04 2.500000000000000000e+05 6.250000000000000000e+04 1.250000000000000000e+05 1.875000000000000000e+05 2.500000000000000000e+05 3.750000000000000000e+05 4.375000000000000000e+05 5.000000000000000000e+05 1.062500000000000000e+06 6.250000000000000000e+04 1.250000000000000000e+05 6.250000000000000000e+04 4.281250000000000000e+07 6.875000000000000000e+05 5.000000000000000000e+05 6.250000000000000000e+04 1.250000000000000000e+05 6.250000000000000000e+04
1.250000000000000000e+05 6.250000000000000000e+04 6.250000000000000000e+04 6.250000000000000000e+04 1.250000000000000000e+05 2.500000000000000000e+05 3.125000000000000000e+05 3.750000000000000000e+05 4.375000000000000000e+05 1.000000000000000000e+06 6.250000000000000000e+04 1.250000000000000000e+05 1.875000000000000000e+05 8.125000000000000000e+05 6.250000000000000000e+04 4.387500000000000000e+07 2.500000000000000000e+05 1.875000000000000000e+05 6.250000000000000000e+04 6.250000000000000000e+04
1.875000000000000000e+05 6.250000000000000000e+04 6.250000000000000000e+04 1.250000000000000000e+05 1.875000000000000000e+05 2.500000000000000000e+05 3.125000000000000000e+05 3.125000000000000000e+05 3.750000000000000000e+05 5.625000000000000000e+05 4.375000000000000000e+05 5.000000000000000000e+05 5.625000000000000000e+05 2.500000000000000000e+05 1.437500000000000000e+06 4.550000000000000000e+07 1.250000000000000000e+05 6.250000000000000000e+04 6.250000000000000000e+04 6.250000000000000000e+04
3.125000000000000000e+05 6.250000000000000000e+04 6.250000000000000000e+04 1.250000000000000000e+05 1.875000000000000000e+05 1.875000000000000000e+05 2.500000000000000000e+05 4.375000000000000000e+05 5.000000000000000000e+05 3.750000000000000000e+05 6.250000000000000000e+04 1.250000000000000000e+05 1.875000000000000000e+05 1.125000000000000000e+06 1.250000000000000000e+05 4.581250000000000000e+07 1.250000000000000000e+05 6.250000000000000000e+04 6.250000000000000000e+04 1.250000000000000000e+05
4.375000000000000000e+05 6.250000000000000000e+04 6.250000000000000000e+04 6.250000000000000000e+04 1.250000000000000000e+05 3.125000000000000000e+05 3.750000000000000000e+05 2.500000000000000000e+05 3.125000000000000000e+05 3.750000000000000000e+05 5.000000000000000000e+05 5.625000000000000000e+05 1.062500000000000000e+06 6.250000000000000000e+04 6.250000000000000000e+04 4.612500000000000000e+07 1.875000000000000000e+05 6.250000000000000000e+04 6.250000000000000000e+04 2.500000000000000000e+05
7.500000000000000000e+05 1.875000000000000000e+05 6.250000000000000000e+04 6.250000000000000000e+04 2.500000000000000000e+05 6.250000000000000000e+04 1.875000000000000000e+05 1.250000000000000000e+05 3.125000000000000000e+05 6.250000000000000000e+04 1.250000000000000000e+05 2.500000000000000000e+05 4.375000000000000000e+05 6.250000000000000000e+04 1.250000000000000000e+05 4.637500000000000000e+07 6.250000000000000000e+04 6.250000000000000000e+04 6.250000000000000000e+04 3.750000000000000000e+05
1.875000000000000000e+05 1.250000000000000000e+05 6.250000000000000000e+04 6.250000000000000000e+04 6.250000000000000000e+04 6.250000000000000000e+04 6.250000000000000000e+04 6.250000000000000000e+04 6.250000000000000000e+04 6.250000000000000000e+04 6.250000000000000000e+04 6.250000000000000000e+04 6.250000000000000000e+04 6.250000000000000000e+04 1.250000000000000000e+05 4.662500000000000000e+07 6.250000000000000000e+04 6.250000000000000000e+04 1.250000000000000000e+05 2.500000000000000000e+05
