48.500000  56.100000  60.100000  62.455340  62.081700  61.657050  61.138530  60.689450  60.152270  59.607480  59.084110  58.566080  58.031800  57.449970  56.845270  56.140920  56.371580  57.000000  56.557570  49.000000
49.000000  57.100000  61.782040  61.434390  61.078880  60.654090  60.143460  59.671050  59.153180  58.591140  58.077910  57.575290  57.051560  56.482010  55.905320  55.117590  55.433060  57.100000  55.618290  50.000000
50.000000  58.000000  62.000000  60.430850  60.082490  59.650280  59.124080  58.654220  58.112330  57.572330  57.043930  56.554670  56.039340  55.500340  54.951660  54.097700  54.485690  57.500000  54.664580  50.567100
51.800000  59.800000  61.900000  59.454450  59.085380  58.653200  58.106400  57.607310  57.081800  56.484110  55.971620  55.499720  55.008790  54.504090  53.967690  53.081240  53.534100  57.300000  57.400000  53.733550
52.800000  59.079090  61.500000  61.400000  58.195910  57.633670  57.088510  56.590380  55.968400  55.390590  54.896160  54.438820  53.970560  53.488400  52.975960  52.068200  52.557450  52.653860  57.100000  56.900000
54.100000  58.148370  57.910340  61.000000  57.440990  56.648210  56.081580  55.466800  54.891770  54.288360  53.773220  53.352210  52.911820  52.455770  51.974610  51.058620  51.571650  51.656470  51.724460  55.900000
55.000000  57.215700  57.013630  60.500000  56.676580  55.625130  55.038830  54.326240  53.717570  53.112500  52.642290  52.247240  51.835090  51.406550  51.700000  50.052450  50.567780  50.649400  50.716460  50.756170
56.438570  56.339560  56.166140  55.841550  60.000000  59.000000  58.000000  52.997600  52.448900  51.900200  51.487470  51.124500  50.743670  50.333680  51.500000  49.049710  49.526690  49.622370  49.701030  49.749880
55.548860  55.479470  55.378490  55.284230  59.000000  58.500000  57.000000  54.000000  51.029130  49.500000  50.323230  49.987430  49.630170  49.253810  51.000000  48.050420  48.420190  48.100000  48.685200  48.746010
54.650440  54.597190  54.554230  54.505400  53.832320  58.000000  56.000000  52.000000  49.615940  47.000000  49.141660  48.848320  48.512670  48.147630  49.500000  47.054550  47.386160  46.000000  47.692880  47.765940
53.694550  53.665180  54.526940  53.000000  52.554900  51.908690  56.000000  49.177570  48.345250  44.600000  47.993730  47.727230  47.386320  47.004400  48.000000  46.062120  46.486930  44.700000  46.765070  46.825470
52.677130  52.665010  53.250410  52.000000  51.286980  50.673260  54.000000  48.123510  47.173350  47.067110  43.000000  46.641300  46.273100  45.778130  46.700000  45.073130  45.664330  43.000000  45.859240  45.905490
51.614770  51.605760  51.973880  50.800000  50.028560  49.446530  52.000000  47.073040  46.074390  45.988630  45.832760  41.500000  45.352210  45.040270  45.700000  44.087550  41.500000  43.660000  44.955670  45.100000
50.502120  50.495060  50.697350  50.474040  48.779630  48.228500  50.000000  46.026160  45.027460  44.951650  44.819700  40.000000  44.435350  44.202840  45.000000  43.105420  40.000000  42.483370  44.046560  45.200000
49.336250  49.332690  47.000000  49.313500  47.540210  47.019180  47.500000  44.982880  44.010180  43.944490  43.828980  39.000000  43.504000  43.301840  44.000000  42.126720  39.000000  42.000000  43.130100  45.300000
48.137170  48.129140  45.000000  48.113630  46.310280  45.818560  45.500000  43.943180  43.016370  42.953880  42.854420  38.500000  42.560720  43.000000  42.169840  41.151450  38.000000  41.800000  45.050000  45.400000
46.884500  46.866220  42.000000  43.700000  45.089840  44.626650  43.101230  44.500000  42.039620  41.984380  41.885550  41.762860  38.000000  41.429430  41.232730  40.179610  37.500000  41.500000  44.890000  45.500000
45.620380  45.605420  40.500000  42.600000  43.878910  43.443440  42.068240  41.874570  43.500000  41.022490  40.924090  39.600000  39.000000  37.500000  40.280960  39.211220  37.000000  41.000000  44.870640  45.600000
44.323350  45.611050  39.500000  41.600000  42.677470  42.268940  41.038670  40.845650  40.934240  42.000000  39.970480  39.843450  39.684270  36.900000  39.303200  38.246240  36.500000  40.000000  44.571880  45.700000
42.896000  42.698000  40.501300  39.100000  41.485530  41.500000  40.012520  39.814337  40.400000  40.840000  40.000000  38.889440  38.719720  38.505100  36.300000  36.000000  39.120000  41.696560  44.273120  45.800000
43.474000  42.980000  40.836000  38.800000  39.320080  40.220800  38.981240  38.500000  39.700000  39.940000  39.000000  38.500000  37.755170  37.500000  37.300000  35.700000  39.000000  41.487180  43.974360  45.900000
44.052000  43.262000  41.170700  38.200000  39.130140  39.958900  37.951670  37.752907  38.400000  38.700000  37.900000  38.000000  37.200000  37.100000  36.412220  35.500000  38.880000  41.277800  43.675600  46.000000
44.630000  43.544000  41.305400  38.900000  37.900000  39.697000  37.812730  37.674590  37.550000  38.400000  37.700000  37.000000  36.833610  36.800000  36.486720  35.450000  38.760000  41.068420  43.376840  46.100000
45.208000  43.826000  41.428900  39.370510  39.253170  37.600000  37.977860  37.701610  37.491830  37.800000  37.400000  36.961720  36.816290  36.663990  36.505890  35.450000  38.640000  40.859040  43.078080  46.200000
45.786000  44.108000  41.660800  39.773200  39.573200  39.173200  37.100000  37.682900  37.446740  37.216260  37.031580  36.899140  36.775380  36.643320  36.497120  35.450000  38.520000  40.649660  42.779320  46.300000
46.364000  44.390000  41.892700  40.175890  39.893230  39.511300  37.860610  36.900000  37.352040  37.113370  36.883010  36.802760  36.716190  36.606760  36.474560  35.450000  38.400000  40.440280  42.480560  46.400000
46.942000  44.672000  42.124600  40.578580  40.213260  39.849400  38.217590  37.473560  36.600000  36.975500  36.734440  36.683530  36.651200  36.563630  36.444210  35.450000  38.280000  40.230900  42.181800  46.500000
47.520000  44.954000  42.356500  40.981270  40.533290  40.187500  38.574570  37.851440  37.135910  36.200000  35.900000  36.679290  36.613320  36.523290  35.300000  36.298480  38.160000  40.021520  41.883040  46.600000
48.098000  45.236000  42.588400  41.383960  40.853320  40.525600  38.931550  38.229320  37.430190  36.880310  35.400000  36.653820  36.570450  36.477820  35.200000  36.267860  38.040000  39.812140  41.584280  46.700000
48.676000  45.518000  42.820300  41.786650  41.173350  40.863700  39.288530  38.607200  37.724470  37.191880  35.300000  35.110000  36.505660  35.000000  35.100000  36.229520  37.920000  39.610480  41.300960  46.800000
49.254000  45.800000  43.052200  42.189340  41.493380  41.201800  39.645510  38.985080  38.018750  37.503450  36.585360  36.496510  34.980000  34.890000  36.111480  36.186570  37.800000  39.413430  41.026860  46.900000
49.832000  46.082000  43.284100  42.592030  41.813410  41.539900  40.002490  39.362960  38.313030  37.815020  37.025000  36.762690  36.288090  34.800000  36.055010  36.132840  37.680000  39.227160  41.500000  47.000000
50.410000  46.364000  43.516000  42.994720  42.133440  41.878000  40.359470  39.740840  38.607310  38.126590  37.517660  37.028870  36.412760  34.700000  36.074500  36.070510  37.560000  38.300000  42.500000  47.100000
48.500000  48.700000  43.747900  43.397410  42.453470  42.216100  40.716450  40.118720  38.901590  38.438160  37.918381  37.295050  36.537430  35.994940  34.600000  34.548050  36.800000  41.000000  44.000000  47.200000
46.590000  47.800000  45.979800  43.800100  42.773500  42.554200  41.073430  40.496600  39.195870  38.749730  38.649960  37.561230  36.662100  36.002000  35.916290  34.479390  36.013560  42.000000  46.800000  46.200000
44.680000  46.900000  47.100000  44.202790  43.093530  42.892300  41.430410  40.874480  39.490150  39.061300  38.916110  37.827410  36.786770  36.331010  36.000000  34.410740  36.532290  44.000000  46.600000  45.200000
42.770000  46.000000  46.900000  44.605480  43.413560  43.230400  41.787390  41.252360  39.784430  39.372870  39.082260  38.093590  36.911440  36.660020  36.200000  34.342080  37.698000  45.000000  46.200000  44.200000
40.860000  45.100000  46.700000  45.008170  43.733590  43.568500  42.144370  41.630240  40.078710  39.684440  39.211800  38.359770  37.036110  36.989030  36.500000  34.273420  39.544000  46.600000  45.000000  43.200000
38.950000  44.200000  46.500000  45.410860  44.053620  43.906600  42.501350  42.008120  40.372990  39.996010  39.500000  38.625950  37.160780  37.318040  36.700000  34.204770  43.100000  46.900000  44.500000  42.200000
37.040000  43.300000  46.300000  46.117550  45.270500  44.423450  43.576400  42.729350  41.882300  41.035250  40.188200  39.341150  38.494100  37.647050  36.800000  34.136110  44.000000  47.000000  44.000000  41.200000
