21
2
3
26
27
28
29
30
31
32
33
34
35
36
36
36
36
37
37
37
37
20
20
40
40
40
21
22
44
46
47
48
49
50
51
52
53
54
55
56
56
56
56
57
57
57
57
57
57
40
40
40
20
20
21
41
41
42
42
64
66
67
68
69
70
71
72
73
74
75
76
76
76
76
76
76
76
76
76
57
57
57
60
60
60
40
40
40
41
41
61
61
42
42
85
85
86
87
88
89
90
91
92
93
94
95
96
96
96
96
96
96
96
96
96
98
60
60
60
60
60
60
61
61
81
81
103
85
85
106
107
108
109
110
111
111
111
111
112
114
115
116
116
116
116
116
116
116
116
116
118
119
119
119
119
81
81
101
101
123
105
126
126
126
127
127
128
129
130
130
130
130
131
132
133
134
136
136
136
136
136
136
136
136
136
138
139
140
101
101
121
121
121
143
144
144
126
126
126
127
127
148
148
148
148
148
148
150
150
150
150
151
152
153
154
156
156
156
156
156
156
156
156
156
156
156
156
158
159
160
121
121
121
121
121
121
163
164
144
144
126
126
126
148
148
148
169
170
170
170
170
170
170
170
170
170
172
173
174
156
156
156
156
176
176
177
178
178
178
178
180
181
182
183
185
185
185
185
185
185
185
185
185
188
189
190
190
190
190
190
190
190
190
190
192
193
194
176
176
196
196
198
198
198
198
198
198
198
198
198
200
201
202
204
204
204
204
206
206
206
206
208
208
208
208
208
208
210
210
210
210
210
210
210
210
210
210
210
210
210
210
210
212
213
214
196
196
216
218
218
218
218
218
218
218
218
218
220
221
222
224
225
226
226
226
226
208
208
208
229
210
210
210
210
210
231
231
231
231
231
231
231
231
231
231
231
231
231
231
231
234
234
234
234
236
236
236
236
238
238
238
238
238
238
238
238
238
238
238
238
240
241
242
244
245
246
246
246
246
228
249
210
210
210
210
210
231
231
231
231
231
252
252
252
252
252
252
252
252
252
252
252
252
252
252
252
254
256
257
257
257
257
257
257
257
257
257
238
238
238
238
260
261
262
263
265
266
266
266
266
248
269
269
269
269
231
231
231
231
231
252
252
252
252
252
272
272
272
252
252
252
252
252
274
276
277
277
277
277
277
277
277
277
277
277
277
277
277
277
277
278
278
279
281
283
283
283
283
283
283
283
283
283
286
286
286
286
268
289
289
289
289
290
272
272
272
292
292
292
272
272
272
294
296
277
277
277
277
277
297
297
297
277
277
277
277
277
278
278
299
299
299
301
303
303
303
303
303
303
303
303
303
305
306
288
309
309
309
309
310
292
292
292
312
312
312
292
292
292
315
316
297
297
297
317
317
317
297
297
297
298
299
299
299
321
323
323
323
323
323
323
324
324
324
324
327
327
327
327
329
329
329
329
330
312
312
312
333
333
333
333
333
333
333
333
333
333
333
333
333
333
333
336
317
317
317
337
337
337
317
317
317
318
299
299
299
341
323
323
323
343
343
343
343
343
343
344
347
347
347
347
348
350
350
350
350
312
312
312
333
333
333
333
333
354
354
354
354
354
354
354
354
354
354
354
354
354
354
354
337
337
337
357
357
357
337
337
337
338
339
361
343
343
343
363
363
363
363
363
363
363
363
364
367
367
367
367
368
369
371
371
352
333
333
333
333
333
354
354
354
354
354
374
374
374
354
354
354
354
354
357
357
357
377
377
377
357
357
357
358
359
381
381
363
363
363
363
384
384
384
384
384
384
384
384
384
384
384
384
384
384
384
387
387
387
387
388
388
388
388
371
371
392
392
392
392
392
392
374
374
374
395
395
395
395
395
395
395
395
396
396
396
396
396
396
377
377
377
378
378
379
382
363
363
363
363
384
384
384
384
384
404
404
384
384
384
384
384
407
408
408
408
408
408
408
408
408
408
411
392
392
392
413
374
374
374
395
395
395
395
416
416
416
416
416
416
416
416
396
396
396
377
377
377
378
378
399
381
381
403
404
404
424
424
424
424
424
424
427
427
427
427
427
427
428
428
428
428
428
428
431
431
431
431
433
433
433
433
395
395
395
395
416
416
416
416
436
436
436
416
416
416
416
417
418
419
422
423
424
424
424
445
445
445
445
445
445
445
445
427
427
427
428
428
428
449
449
449
449
449
449
449
449
449
449
449
449
452
452
452
452
452
452
453
453
435
436
436
436
456
456
456
436
436
436
437
438
439
442
443
444
445
445
445
445
466
466
466
466
466
466
466
466
466
466
466
466
466
466
466
469
469
469
469
449
449
449
449
452
452
452
453
453
474
474
455
456
456
456
476
476
476
456
456
456
457
458
459
462
463
464
464
445
445
445
445
466
466
466
466
466
487
487
487
487
487
487
487
487
487
487
487
487
487
487
487
490
490
490
490
472
473
474
474
475
476
476
476
496
496
496
476
476
476
477
478
479
482
483
484
464
464
466
466
466
466
466
487
487
487
487
487
508
508
508
508
508
508
508
508
508
508
508
508
508
508
508
511
512
513
494
495
496
496
496
516
516
516
496
496
496
497
498
499
502
503
504
485
486
487
487
487
487
487
508
508
508
508
508
529
529
529
529
529
529
529
529
529
529
529
529
529
529
529
531
532
514
515
516
516
516
536
536
536
516
516
516
517
518
519
522
523
524
505
506
527
508
508
508
508
508
529
529
529
529
529
550
550
550
550
550
550
550
550
551
551
551
551
554
555
555
555
555
555
555
555
555
555
555
555
555
555
555
555
536
536
536
537
538
539
542
543
544
525
526
547
528
529
529
529
529
529
550
550
550
550
571
571
571
571
571
571
571
571
571
571
571
571
574
555
555
555
555
555
575
575
555
555
555
555
555
536
536
536
557
558
559
562
563
564
545
546
567
548
569
550
550
550
550
571
571
571
571
592
592
592
592
592
592
594
594
594
594
594
594
594
594
594
575
575
576
577
578
579
582
583
584
584
565
566
587
568
589
570
591
591
591
592
592
592
613
613
613
613
613
613
613
613
614
614
614
614
614
614
595
595
596
597
598
599
602
603
584
584
585
586
607
588
609
590
591
591
591
591
591
591
613
613
613
613
634
634
634
634
634
634
634
634
614
614
614
595
595
616
617
618
619
622
623
604
625
606
627
608
629
610
611
611
611
611
613
613
613
613
634
634
634
634
654
654
654
634
634
634
634
635
636
637
638
639
642
643
624
645
626
647
628
649
630
631
632
653
654
654
654
675
675
675
675
675
675
675
675
676
676
676
676
676
676
677
677
658
658
659
659
681
663
663
663
644
665
646
667
648
669
650
651
652
673
654
654
654
675
675
675
675
696
696
696
696
696
696
696
696
676
676
676
677
677
658
658
659
659
701
663
663
663
663
663
663
685
666
687
668
689
670
671
692
693
694
694
675
675
675
675
696
696
696
696
716
716
716
696
696
696
696
697
698
698
679
721
721
721
721
704
705
686
707
688
709
690
690
690
690
712
713
694
694
715
715
716
716
716
736
736
736
716
716
716
717
698
698
740
741
741
741
741
724
725
706
727
708
729
710
711
732
733
714
715
715
736
736
736
756
756
756
736
736
736
737
760
760
760
760
761
761
761
761
761
761
761
761
762
762
745
726
747
728
749
730
751
751
752
753
753
734
735
756
756
756
776
776
776
756
756
756
757
757
780
780
780
780
780
780
781
781
761
761
761
761
762
762
765
765
765
746
767
767
748
769
769
769
750
751
751
772
772
773
773
773
753
753
775
776
776
776
796
796
796
796
776
776
776
757
757
800
800
800
800
800
800
761
761
761
761
781
781
782
765
765
765
765
765
765
767
767
768
769
769
769
769
769
769
771
772
772
773
773
773
773
773
773
795
796
796
796
796
796
796
796
796
796
796
796
796
799
800
800
800
780
780
780
