21
2
4
5
6
7
8
9
10
11
12
13
14
15
16
15
16
17
18
17
18
19
40
20
39
60
21
23
24
25
26
27
28
29
30
31
32
33
34
35
36
35
36
37
38
58
37
38
58
20
39
60
19
40
21
42
61
43
63
44
45
46
47
48
49
50
51
52
53
54
55
56
57
55
56
57
55
56
57
37
38
58
59
79
80
20
39
60
42
61
62
81
43
63
64
84
65
66
67
68
69
70
71
72
73
74
75
76
77
75
76
77
75
76
77
78
59
79
80
59
79
80
62
81
82
101
83
64
84
85
86
87
88
89
90
91
90
91
92
93
94
95
96
97
95
96
97
95
96
97
98
99
100
99
100
82
101
102
121
103
104
105
125
146
106
126
107
108
109
110
109
110
111
112
113
114
115
116
117
115
116
117
115
116
117
118
119
120
102
121
122
141
142
123
124
145
105
125
146
106
126
127
128
147
127
128
147
129
130
129
130
131
132
133
134
135
136
137
155
135
136
137
155
135
136
137
155
138
139
140
122
141
142
122
141
142
143
144
124
145
105
125
146
127
128
147
148
149
150
151
149
150
151
149
150
151
152
153
154
135
136
137
155
156
175
157
158
159
158
159
160
161
162
163
164
165
166
164
165
166
164
165
166
167
168
169
170
171
169
170
171
169
170
171
172
173
174
156
175
176
195
177
178
179
177
178
179
177
178
179
180
181
182
183
184
183
184
185
186
185
186
187
188
207
187
188
207
189
190
191
209
229
189
190
191
209
229
189
190
191
209
229
192
193
194
176
195
196
197
198
199
197
198
199
197
198
199
200
201
202
203
204
205
206
205
206
187
188
207
208
189
190
191
209
229
210
211
212
230
250
210
211
212
230
250
210
211
212
230
250
213
214
213
214
215
216
215
216
217
218
219
239
217
218
219
239
217
218
219
239
220
221
222
223
224
225
226
225
226
227
228
189
190
191
209
229
210
211
212
230
250
231
232
233
251
253
231
232
233
251
253
231
232
233
251
253
234
235
236
237
238
236
237
238
236
237
238
217
218
219
239
240
241
242
243
244
245
246
245
246
247
248
249
248
249
210
211
212
230
250
231
232
233
251
253
252
271
273
231
232
233
251
253
254
255
256
257
258
276
278
256
257
258
276
278
256
257
258
276
278
259
279
260
261
262
263
264
262
263
264
262
263
264
265
266
265
266
267
268
269
268
269
270
252
271
273
272
291
293
252
271
273
274
275
256
257
258
276
278
277
296
298
256
257
258
276
278
259
279
280
300
320
281
282
283
284
282
283
284
282
283
284
285
286
287
288
289
288
289
290
272
291
293
292
311
331
272
291
293
294
295
277
296
298
297
316
318
277
296
298
299
280
300
320
301
302
303
322
302
303
322
304
305
304
305
306
307
306
307
308
309
308
309
310
292
311
331
312
313
314
332
352
312
313
314
332
352
312
313
314
332
352
315
297
316
318
317
336
338
297
316
318
319
280
300
320
321
302
303
322
323
324
342
323
324
342
325
326
327
326
327
328
329
330
329
330
292
311
331
312
313
314
332
352
333
334
335
353
355
333
334
335
353
355
333
334
335
353
355
317
336
338
337
356
358
317
336
338
339
340
341
323
324
342
343
344
362
382
343
344
362
382
345
346
347
346
347
348
349
350
370
351
312
313
314
332
352
333
334
335
353
355
354
373
393
333
334
335
353
355
337
356
358
357
378
398
337
356
358
359
360
361
401
343
344
362
382
363
364
365
383
385
363
364
365
383
385
363
364
365
383
385
366
367
366
367
368
369
368
369
350
370
371
372
391
371
372
391
354
373
393
374
375
394
414
374
375
394
414
376
377
397
376
377
397
357
378
398
379
399
380
381
343
344
362
382
363
364
365
383
385
384
403
363
364
365
383
385
386
387
388
389
387
388
389
387
388
389
390
371
372
391
392
354
373
393
374
375
394
414
395
396
415
417
395
396
415
417
376
377
397
357
378
398
379
399
400
361
401
402
384
403
404
405
423
404
405
423
406
407
426
406
407
426
408
409
427
408
409
427
410
411
410
411
412
413
412
413
374
375
394
414
395
396
415
417
416
435
437
395
396
415
417
418
419
420
421
422
404
405
423
424
425
444
464
424
425
444
464
406
407
426
408
409
427
428
429
430
450
428
429
430
450
428
429
430
450
431
432
451
431
432
451
433
452
434
416
435
437
436
455
457
416
435
437
438
439
440
441
442
443
424
425
444
464
445
446
447
465
485
445
446
447
465
485
445
446
447
465
485
448
449
448
449
428
429
430
450
431
432
451
433
452
453
473
454
436
455
457
456
475
477
436
455
457
458
459
460
461
462
463
484
424
425
444
464
445
446
447
465
485
466
467
468
486
506
466
467
468
486
506
466
467
468
486
506
469
470
469
470
471
472
453
473
474
456
475
477
476
495
497
456
475
477
478
479
480
481
482
483
463
484
445
446
447
465
485
466
467
468
486
506
487
488
489
507
527
487
488
489
507
527
487
488
489
507
527
490
491
492
493
494
476
495
497
496
515
517
476
495
497
498
499
500
501
502
503
504
505
466
467
468
486
506
487
488
489
507
527
508
509
510
528
548
508
509
510
528
548
508
509
510
528
548
511
512
513
514
496
515
517
516
537
557
496
515
517
518
519
520
521
522
523
524
525
526
487
488
489
507
527
508
509
510
528
548
529
530
549
569
529
530
549
569
531
532
531
532
533
534
535
536
554
556
534
535
536
554
556
534
535
536
554
556
516
537
557
538
539
540
541
542
543
544
545
546
547
508
509
510
528
548
529
530
549
569
550
551
552
570
550
551
552
570
550
551
552
570
553
534
535
536
554
556
555
576
534
535
536
554
556
516
537
557
558
559
560
561
562
563
564
565
566
567
568
529
530
549
569
550
551
552
570
571
572
591
571
572
591
573
574
575
573
574
575
573
574
575
555
576
577
578
579
580
581
582
583
603
584
585
586
587
588
589
590
610
611
571
572
591
592
593
612
632
592
593
612
632
594
595
615
594
595
615
596
616
597
598
599
600
601
602
583
603
604
605
606
607
608
609
590
610
611
590
610
611
592
593
612
632
613
614
633
635
613
614
633
635
594
595
615
596
616
617
618
619
620
621
622
623
624
625
626
627
628
629
630
631
630
631
592
593
612
632
613
614
633
635
634
653
673
613
614
633
635
636
637
638
639
640
641
642
643
644
645
646
647
648
649
650
651
652
634
653
673
654
655
674
694
654
655
674
694
656
657
677
656
657
677
658
678
659
679
660
680
661
662
682
683
663
664
665
666
667
668
669
670
671
672
634
653
673
654
655
674
694
675
676
695
697
675
676
695
697
656
657
677
658
678
659
679
660
680
681
662
682
683
662
682
683
684
685
686
687
688
689
690
691
692
693
713
654
655
674
694
675
676
695
697
696
715
717
675
676
695
697
698
699
719
700
701
702
701
702
703
704
705
706
707
708
709
710
709
710
711
712
693
713
714
734
696
715
717
716
735
737
696
715
717
718
699
719
720
721
722
721
722
723
724
725
726
727
728
729
730
731
732
733
714
734
716
735
737
736
755
757
716
735
737
738
739
740
739
740
741
742
762
781
741
742
762
781
743
763
744
745
746
747
748
749
750
770
751
752
773
753
754
736
755
757
756
775
777
736
755
757
758
778
759
760
800
759
760
800
761
782
741
742
762
781
743
763
764
784
785
765
766
786
767
768
788
789
769
750
770
771
791
772
792
793
752
773
774
756
775
777
776
795
796
797
756
775
777
758
778
779
780
799
779
780
799
741
742
762
781
761
782
783
764
784
785
764
784
785
766
786
787
768
788
789
768
788
789
790
771
791
772
792
793
772
792
793
794
776
795
796
797
776
795
796
797
776
795
796
797
798
779
780
799
759
760
800
