1.000000000000000000e+00 0.000000000000000000e+00 2.300000000000000000e+01 1.400000000000000000e+01 3.750000000000000000e+02 0.000000000000000000e+00 2.815706666666660963e-03 3.650589000000000084e+01 1.000000000000000000e+00 0.000000000000000000e+00 0.000000000000000000e+00 1.000000000000000000e+00 1.000000000000000000e+00 0.000000000000000000e+00
2.000000000000000000e+00 0.000000000000000000e+00 2.000000000000000000e+01 7.000000000000000000e+00 3.750000000000000000e+02 0.000000000000000000e+00 1.992247999999998982e-03 3.850000000000000000e+01 1.000000000000000000e+00 0.000000000000000000e+00 0.000000000000000000e+00 1.000000000000000000e+00 1.000000000000000000e+00 0.000000000000000000e+00
3.000000000000000000e+00 0.000000000000000000e+00 2.100000000000000000e+01 7.000000000000000000e+00 5.303300858899106061e+02 0.000000000000000000e+00 3.826051084005896116e-04 3.775290700000000044e+01 1.000000000000000000e+00 0.000000000000000000e+00 0.000000000000000000e+00 2.000000000000000000e+00 1.000000000000000000e+00 0.000000000000000000e+00
4.000000000000000000e+00 0.000000000000000000e+00 2.200000000000000000e+01 8.000000000000000000e+00 3.750000000000000000e+02 0.000000000000000000e+00 1.551199999999918605e-04 3.754999999999999716e+01 1.000000000000000000e+00 0.000000000000000000e+00 0.000000000000000000e+00 2.000000000000000000e+00 1.000000000000000000e+00 0.000000000000000000e+00
5.000000000000000000e+00 0.000000000000000000e+00 2.300000000000000000e+01 8.000000000000000000e+00 5.303300858899106061e+02 0.000000000000000000e+00 5.196197751775418665e-04 3.749183000000000021e+01 1.000000000000000000e+00 0.000000000000000000e+00 0.000000000000000000e+00 2.000000000000000000e+00 1.000000000000000000e+00 0.000000000000000000e+00
6.000000000000000000e+00 0.000000000000000000e+00 2.400000000000000000e+01 9.000000000000000000e+00 5.303300858899106061e+02 0.000000000000000000e+00 6.283822262144444495e-04 3.721625999999999834e+01 1.000000000000000000e+00 0.000000000000000000e+00 0.000000000000000000e+00 2.000000000000000000e+00 1.000000000000000000e+00 0.000000000000000000e+00
7.000000000000000000e+00 0.000000000000000000e+00 2.500000000000000000e+01 1.000000000000000000e+01 3.750000000000000000e+02 0.000000000000000000e+00 3.961866666666651548e-04 3.688300999999999874e+01 1.000000000000000000e+00 0.000000000000000000e+00 0.000000000000000000e+00 2.000000000000000000e+00 1.000000000000000000e+00 0.000000000000000000e+00
8.000000000000000000e+00 0.000000000000000000e+00 2.600000000000000000e+01 1.000000000000000000e+01 3.750000000000000000e+02 0.000000000000000000e+00 2.225173333333335321e-03 3.673443999999999932e+01 1.000000000000000000e+00 0.000000000000000000e+00 0.000000000000000000e+00 2.000000000000000000e+00 1.000000000000000000e+00 0.000000000000000000e+00
9.000000000000000000e+00 0.000000000000000000e+00 2.700000000000000000e+01 1.000000000000000000e+01 3.750000000000000000e+02 0.000000000000000000e+00 1.333333333333333289e-03 3.589999999999999858e+01 1.000000000000000000e+00 0.000000000000000000e+00 0.000000000000000000e+00 2.000000000000000000e+00 1.000000000000000000e+00 0.000000000000000000e+00
1.000000000000000000e+01 0.000000000000000000e+00 1.800000000000000000e+01 2.000000000000000000e+00 5.303300858899106061e+02 0.000000000000000000e+00 7.542472332656479988e-04 3.950000000000000000e+01 1.000000000000000000e+00 0.000000000000000000e+00 0.000000000000000000e+00 1.000000000000000000e+00 1.000000000000000000e+00 0.000000000000000000e+00
1.100000000000000000e+01 0.000000000000000000e+00 1.900000000000000000e+01 3.000000000000000000e+00 3.750000000000000000e+02 0.000000000000000000e+00 8.000000000000113140e-04 3.910000000000000142e+01 1.000000000000000000e+00 0.000000000000000000e+00 0.000000000000000000e+00 2.000000000000000000e+00 1.000000000000000000e+00 0.000000000000000000e+00
1.200000000000000000e+01 0.000000000000000000e+00 2.000000000000000000e+01 3.000000000000000000e+00 3.750000000000000000e+02 0.000000000000000000e+00 1.599999999999984898e-03 3.879999999999999716e+01 1.000000000000000000e+00 0.000000000000000000e+00 0.000000000000000000e+00 2.000000000000000000e+00 1.000000000000000000e+00 0.000000000000000000e+00
1.300000000000000000e+01 0.000000000000000000e+00 2.100000000000000000e+01 3.000000000000000000e+00 5.303300858899106061e+02 0.000000000000000000e+00 5.656854249492460551e-04 3.820000000000000284e+01 1.000000000000000000e+00 0.000000000000000000e+00 0.000000000000000000e+00 2.000000000000000000e+00 1.000000000000000000e+00 0.000000000000000000e+00
1.400000000000000000e+01 0.000000000000000000e+00 2.200000000000000000e+01 4.000000000000000000e+00 5.303300858899106061e+02 0.000000000000000000e+00 5.656854249492326110e-04 3.789999999999999858e+01 1.000000000000000000e+00 0.000000000000000000e+00 0.000000000000000000e+00 2.000000000000000000e+00 1.000000000000000000e+00 0.000000000000000000e+00
1.500000000000000000e+01 0.000000000000000000e+00 2.300000000000000000e+01 5.000000000000000000e+00 5.303300858899106061e+02 0.000000000000000000e+00 9.428090415820633867e-04 3.760000000000000142e+01 1.000000000000000000e+00 0.000000000000000000e+00 0.000000000000000000e+00 2.000000000000000000e+00 1.000000000000000000e+00 0.000000000000000000e+00
1.600000000000000000e+01 0.000000000000000000e+00 2.400000000000000000e+01 6.000000000000000000e+00 5.303300858899106061e+02 0.000000000000000000e+00 3.771236166328307215e-04 3.710000000000000142e+01 1.000000000000000000e+00 0.000000000000000000e+00 0.000000000000000000e+00 2.000000000000000000e+00 1.000000000000000000e+00 0.000000000000000000e+00
1.700000000000000000e+01 0.000000000000000000e+00 2.500000000000000000e+01 7.000000000000000000e+00 5.303300858899106061e+02 0.000000000000000000e+00 5.656854249492326110e-04 3.689999999999999858e+01 1.000000000000000000e+00 0.000000000000000000e+00 0.000000000000000000e+00 2.000000000000000000e+00 1.000000000000000000e+00 0.000000000000000000e+00
1.800000000000000000e+01 0.000000000000000000e+00 2.600000000000000000e+01 8.000000000000000000e+00 5.303300858899106061e+02 0.000000000000000000e+00 7.542472332656479988e-04 3.660000000000000142e+01 1.000000000000000000e+00 0.000000000000000000e+00 0.000000000000000000e+00 2.000000000000000000e+00 1.000000000000000000e+00 0.000000000000000000e+00
1.900000000000000000e+01 0.000000000000000000e+00 2.700000000000000000e+01 9.000000000000000000e+00 5.303300858899106061e+02 0.000000000000000000e+00 1.508494466531309225e-03 3.620000000000000284e+01 1.000000000000000000e+00 0.000000000000000000e+00 0.000000000000000000e+00 2.000000000000000000e+00 1.000000000000000000e+00 0.000000000000000000e+00
2.000000000000000000e+01 0.000000000000000000e+00 2.800000000000000000e+01 1.000000000000000000e+01 5.303300858899106061e+02 0.000000000000000000e+00 5.468292441175951488e-04 3.539999999999999858e+01 1.000000000000000000e+00 0.000000000000000000e+00 0.000000000000000000e+00 3.000000000000000000e+00 1.000000000000000000e+00 0.000000000000000000e+00
2.100000000000000000e+01 0.000000000000000000e+00 2.900000000000000000e+01 1.100000000000000000e+01 5.303300858899106061e+02 0.000000000000000000e+00 2.451303508113412727e-04 3.510999999999999943e+01 1.000000000000000000e+00 0.000000000000000000e+00 0.000000000000000000e+00 2.000000000000000000e+00 1.000000000000000000e+00 0.000000000000000000e+00
2.200000000000000000e+01 0.000000000000000000e+00 3.000000000000000000e+01 1.200000000000000000e+01 5.303300858899106061e+02 0.000000000000000000e+00 3.394112549695422446e-04 3.497999999999999687e+01 1.000000000000000000e+00 0.000000000000000000e+00 0.000000000000000000e+00 2.000000000000000000e+00 1.000000000000000000e+00 0.000000000000000000e+00
2.300000000000000000e+01 0.000000000000000000e+00 9.000000000000000000e+00 9.000000000000000000e+00 3.750000000000000000e+02 0.000000000000000000e+00 6.399999999999995970e-03 4.700000000000000000e+01 1.000000000000000000e+00 0.000000000000000000e+00 0.000000000000000000e+00 1.000000000000000000e+00 1.000000000000000000e+00 0.000000000000000000e+00
2.400000000000000000e+01 0.000000000000000000e+00 1.000000000000000000e+01 9.000000000000000000e+00 5.303300858899106061e+02 0.000000000000000000e+00 3.016988933062605006e-03 4.460000000000000142e+01 1.000000000000000000e+00 0.000000000000000000e+00 0.000000000000000000e+00 2.000000000000000000e+00 1.000000000000000000e+00 0.000000000000000000e+00
2.500000000000000000e+01 0.000000000000000000e+00 1.100000000000000000e+01 1.000000000000000000e+01 5.303300858899106061e+02 0.000000000000000000e+00 2.828427124746190052e-03 4.300000000000000000e+01 1.000000000000000000e+00 0.000000000000000000e+00 0.000000000000000000e+00 2.000000000000000000e+00 1.000000000000000000e+00 0.000000000000000000e+00
2.600000000000000000e+01 0.000000000000000000e+00 1.200000000000000000e+01 1.100000000000000000e+01 3.750000000000000000e+02 0.000000000000000000e+00 4.000000000000000083e-03 4.150000000000000000e+01 1.000000000000000000e+00 0.000000000000000000e+00 0.000000000000000000e+00 2.000000000000000000e+00 1.000000000000000000e+00 0.000000000000000000e+00
2.700000000000000000e+01 0.000000000000000000e+00 1.300000000000000000e+01 1.100000000000000000e+01 3.750000000000000000e+02 0.000000000000000000e+00 2.666666666666666578e-03 4.000000000000000000e+01 1.000000000000000000e+00 0.000000000000000000e+00 0.000000000000000000e+00 2.000000000000000000e+00 1.000000000000000000e+00 0.000000000000000000e+00
2.800000000000000000e+01 0.000000000000000000e+00 1.400000000000000000e+01 1.100000000000000000e+01 3.750000000000000000e+02 0.000000000000000000e+00 1.333333333333333289e-03 3.900000000000000000e+01 1.000000000000000000e+00 0.000000000000000000e+00 0.000000000000000000e+00 2.000000000000000000e+00 1.000000000000000000e+00 0.000000000000000000e+00
2.900000000000000000e+01 0.000000000000000000e+00 1.500000000000000000e+01 1.100000000000000000e+01 5.303300858899106061e+02 0.000000000000000000e+00 9.428090415820633867e-04 3.850000000000000000e+01 1.000000000000000000e+00 0.000000000000000000e+00 0.000000000000000000e+00 2.000000000000000000e+00 1.000000000000000000e+00 0.000000000000000000e+00
3.000000000000000000e+01 0.000000000000000000e+00 1.600000000000000000e+01 1.200000000000000000e+01 5.303300858899106061e+02 0.000000000000000000e+00 9.428090415820633867e-04 3.800000000000000000e+01 1.000000000000000000e+00 0.000000000000000000e+00 0.000000000000000000e+00 2.000000000000000000e+00 1.000000000000000000e+00 0.000000000000000000e+00
3.100000000000000000e+01 0.000000000000000000e+00 1.700000000000000000e+01 1.300000000000000000e+01 3.750000000000000000e+02 0.000000000000000000e+00 1.600000000000003980e-03 3.750000000000000000e+01 1.000000000000000000e+00 0.000000000000000000e+00 0.000000000000000000e+00 2.000000000000000000e+00 1.000000000000000000e+00 0.000000000000000000e+00
3.200000000000000000e+01 0.000000000000000000e+00 1.800000000000000000e+01 1.300000000000000000e+01 5.303300858899106061e+02 0.000000000000000000e+00 1.131370849898478666e-03 3.689999999999999858e+01 1.000000000000000000e+00 0.000000000000000000e+00 0.000000000000000000e+00 2.000000000000000000e+00 1.000000000000000000e+00 0.000000000000000000e+00
3.300000000000000000e+01 0.000000000000000000e+00 1.900000000000000000e+01 1.400000000000000000e+01 5.303300858899106061e+02 0.000000000000000000e+00 1.131370849898465222e-03 3.629999999999999716e+01 1.000000000000000000e+00 0.000000000000000000e+00 0.000000000000000000e+00 2.000000000000000000e+00 1.000000000000000000e+00 0.000000000000000000e+00
3.400000000000000000e+01 0.000000000000000000e+00 7.000000000000000000e+00 1.500000000000000000e+01 3.750000000000000000e+02 0.000000000000000000e+00 2.664773333333319769e-03 4.904970999999999748e+01 1.000000000000000000e+00 0.000000000000000000e+00 0.000000000000000000e+00 1.000000000000000000e+00 1.000000000000000000e+00 0.000000000000000000e+00
3.500000000000000000e+01 0.000000000000000000e+00 8.000000000000000000e+00 1.500000000000000000e+01 3.750000000000000000e+02 0.000000000000000000e+00 2.655653333333342705e-03 4.805042000000000257e+01 1.000000000000000000e+00 0.000000000000000000e+00 0.000000000000000000e+00 2.000000000000000000e+00 1.000000000000000000e+00 0.000000000000000000e+00
3.600000000000000000e+01 0.000000000000000000e+00 9.000000000000000000e+00 1.500000000000000000e+01 3.750000000000000000e+02 0.000000000000000000e+00 2.646479999999996630e-03 4.705454999999999899e+01 1.000000000000000000e+00 0.000000000000000000e+00 0.000000000000000000e+00 2.000000000000000000e+00 1.000000000000000000e+00 0.000000000000000000e+00
3.700000000000000000e+01 0.000000000000000000e+00 1.000000000000000000e+01 1.500000000000000000e+01 3.750000000000000000e+02 0.000000000000000000e+00 2.637306666666670071e-03 4.606212000000000018e+01 1.000000000000000000e+00 0.000000000000000000e+00 0.000000000000000000e+00 2.000000000000000000e+00 1.000000000000000000e+00 0.000000000000000000e+00
3.800000000000000000e+01 0.000000000000000000e+00 1.100000000000000000e+01 1.500000000000000000e+01 5.303300858899106061e+02 0.000000000000000000e+00 6.737558541496234399e-03 4.507312999999999903e+01 1.000000000000000000e+00 0.000000000000000000e+00 0.000000000000000000e+00 2.000000000000000000e+00 1.000000000000000000e+00 0.000000000000000000e+00
3.900000000000000000e+01 0.000000000000000000e+00 1.200000000000000000e+01 1.600000000000000000e+01 3.750000000000000000e+02 0.000000000000000000e+00 4.000000000000000083e-03 4.150000000000000000e+01 1.000000000000000000e+00 0.000000000000000000e+00 0.000000000000000000e+00 2.000000000000000000e+00 1.000000000000000000e+00 0.000000000000000000e+00
4.000000000000000000e+01 0.000000000000000000e+00 1.300000000000000000e+01 1.600000000000000000e+01 3.750000000000000000e+02 0.000000000000000000e+00 2.666666666666666578e-03 4.000000000000000000e+01 1.000000000000000000e+00 0.000000000000000000e+00 0.000000000000000000e+00 2.000000000000000000e+00 1.000000000000000000e+00 0.000000000000000000e+00
4.100000000000000000e+01 0.000000000000000000e+00 1.400000000000000000e+01 1.600000000000000000e+01 3.750000000000000000e+02 0.000000000000000000e+00 2.666666666666666578e-03 3.900000000000000000e+01 1.000000000000000000e+00 0.000000000000000000e+00 0.000000000000000000e+00 2.000000000000000000e+00 1.000000000000000000e+00 0.000000000000000000e+00
4.200000000000000000e+01 0.000000000000000000e+00 1.500000000000000000e+01 1.600000000000000000e+01 3.750000000000000000e+02 0.000000000000000000e+00 1.333333333333333289e-03 3.800000000000000000e+01 1.000000000000000000e+00 0.000000000000000000e+00 0.000000000000000000e+00 2.000000000000000000e+00 1.000000000000000000e+00 0.000000000000000000e+00
4.300000000000000000e+01 0.000000000000000000e+00 1.600000000000000000e+01 1.600000000000000000e+01 3.750000000000000000e+02 0.000000000000000000e+00 1.333333333333333289e-03 3.750000000000000000e+01 1.000000000000000000e+00 0.000000000000000000e+00 0.000000000000000000e+00 2.000000000000000000e+00 1.000000000000000000e+00 0.000000000000000000e+00
4.400000000000000000e+01 0.000000000000000000e+00 1.700000000000000000e+01 1.600000000000000000e+01 3.750000000000000000e+02 0.000000000000000000e+00 1.333333333333333289e-03 3.700000000000000000e+01 1.000000000000000000e+00 0.000000000000000000e+00 0.000000000000000000e+00 2.000000000000000000e+00 1.000000000000000000e+00 0.000000000000000000e+00
4.500000000000000000e+01 0.000000000000000000e+00 1.800000000000000000e+01 1.600000000000000000e+01 5.303300858899106061e+02 0.000000000000000000e+00 9.428090415820633867e-04 3.650000000000000000e+01 1.000000000000000000e+00 0.000000000000000000e+00 0.000000000000000000e+00 2.000000000000000000e+00 1.000000000000000000e+00 0.000000000000000000e+00
4.600000000000000000e+01 0.000000000000000000e+00 1.900000000000000000e+01 1.500000000000000000e+01 3.750000000000000000e+02 0.000000000000000000e+00 7.999999999999924489e-04 3.600000000000000000e+01 1.000000000000000000e+00 0.000000000000000000e+00 0.000000000000000000e+00 2.000000000000000000e+00 1.000000000000000000e+00 0.000000000000000000e+00
4.700000000000000000e+01 0.000000000000000000e+00 2.000000000000000000e+01 1.500000000000000000e+01 3.750000000000000000e+02 0.000000000000000000e+00 5.333333333333409483e-04 3.570000000000000284e+01 1.000000000000000000e+00 0.000000000000000000e+00 0.000000000000000000e+00 3.000000000000000000e+00 1.000000000000000000e+00 0.000000000000000000e+00
4.800000000000000000e+01 0.000000000000000000e+00 2.100000000000000000e+01 1.500000000000000000e+01 3.750000000000000000e+02 0.000000000000000000e+00 1.333333333333257503e-04 3.550000000000000000e+01 1.000000000000000000e+00 0.000000000000000000e+00 0.000000000000000000e+00 2.000000000000000000e+00 1.000000000000000000e+00 0.000000000000000000e+00
4.900000000000000000e+01 0.000000000000000000e+00 2.200000000000000000e+01 1.500000000000000000e+01 3.750000000000000000e+02 0.000000000000000000e+00 0.000000000000000000e+00 3.545000000000000284e+01 1.000000000000000000e+00 0.000000000000000000e+00 0.000000000000000000e+00 2.000000000000000000e+00 1.000000000000000000e+00 0.000000000000000000e+00
5.000000000000000000e+01 0.000000000000000000e+00 2.300000000000000000e+01 1.500000000000000000e+01 3.750000000000000000e+02 0.000000000000000000e+00 0.000000000000000000e+00 3.545000000000000284e+01 1.000000000000000000e+00 0.000000000000000000e+00 0.000000000000000000e+00 3.000000000000000000e+00 1.000000000000000000e+00 0.000000000000000000e+00
5.100000000000000000e+01 0.000000000000000000e+00 2.400000000000000000e+01 1.500000000000000000e+01 3.750000000000000000e+02 0.000000000000000000e+00 0.000000000000000000e+00 3.545000000000000284e+01 1.000000000000000000e+00 0.000000000000000000e+00 0.000000000000000000e+00 2.000000000000000000e+00 1.000000000000000000e+00 0.000000000000000000e+00
5.200000000000000000e+01 0.000000000000000000e+00 2.500000000000000000e+01 1.500000000000000000e+01 3.750000000000000000e+02 0.000000000000000000e+00 0.000000000000000000e+00 3.545000000000000284e+01 1.000000000000000000e+00 0.000000000000000000e+00 0.000000000000000000e+00 2.000000000000000000e+00 1.000000000000000000e+00 0.000000000000000000e+00
5.300000000000000000e+01 0.000000000000000000e+00 2.600000000000000000e+01 1.500000000000000000e+01 5.303300858899106061e+02 0.000000000000000000e+00 2.828427124746297496e-04 3.545000000000000284e+01 1.000000000000000000e+00 0.000000000000000000e+00 0.000000000000000000e+00 2.000000000000000000e+00 1.000000000000000000e+00 0.000000000000000000e+00
5.400000000000000000e+01 0.000000000000000000e+00 2.700000000000000000e+01 1.400000000000000000e+01 3.750000000000000000e+02 0.000000000000000000e+00 2.666666666666515006e-04 3.529999999999999716e+01 1.000000000000000000e+00 0.000000000000000000e+00 0.000000000000000000e+00 2.000000000000000000e+00 1.000000000000000000e+00 0.000000000000000000e+00
5.500000000000000000e+01 0.000000000000000000e+00 2.800000000000000000e+01 1.400000000000000000e+01 5.303300858899106061e+02 0.000000000000000000e+00 3.771236166328307215e-04 3.520000000000000284e+01 1.000000000000000000e+00 0.000000000000000000e+00 0.000000000000000000e+00 2.000000000000000000e+00 1.000000000000000000e+00 0.000000000000000000e+00
5.600000000000000000e+01 0.000000000000000000e+00 2.900000000000000000e+01 1.300000000000000000e+01 3.750000000000000000e+02 0.000000000000000000e+00 2.933333333333318078e-04 3.500000000000000000e+01 1.000000000000000000e+00 0.000000000000000000e+00 0.000000000000000000e+00 2.000000000000000000e+00 1.000000000000000000e+00 0.000000000000000000e+00
5.700000000000000000e+01 0.000000000000000000e+00 3.000000000000000000e+01 1.300000000000000000e+01 3.750000000000000000e+02 0.000000000000000000e+00 2.400000000000090863e-04 3.489000000000000057e+01 1.000000000000000000e+00 0.000000000000000000e+00 0.000000000000000000e+00 2.000000000000000000e+00 1.000000000000000000e+00 0.000000000000000000e+00
5.800000000000000000e+01 0.000000000000000000e+00 3.100000000000000000e+01 1.300000000000000000e+01 3.750000000000000000e+02 0.000000000000000000e+00 2.666666666666515006e-04 3.479999999999999716e+01 1.000000000000000000e+00 0.000000000000000000e+00 0.000000000000000000e+00 3.000000000000000000e+00 1.000000000000000000e+00 0.000000000000000000e+00
5.900000000000000000e+01 0.000000000000000000e+00 3.200000000000000000e+01 1.300000000000000000e+01 5.303300858899106061e+02 0.000000000000000000e+00 1.885618083164153607e-04 3.470000000000000284e+01 1.000000000000000000e+00 0.000000000000000000e+00 0.000000000000000000e+00 2.000000000000000000e+00 1.000000000000000000e+00 0.000000000000000000e+00
6.000000000000000000e+01 0.000000000000000000e+00 3.300000000000000000e+01 1.400000000000000000e+01 5.303300858899106061e+02 0.000000000000000000e+00 2.274243970104238271e-04 3.460000000000000142e+01 1.000000000000000000e+00 0.000000000000000000e+00 0.000000000000000000e+00 2.000000000000000000e+00 1.000000000000000000e+00 0.000000000000000000e+00
6.100000000000000000e+01 0.000000000000000000e+00 3.400000000000000000e+01 1.500000000000000000e+01 3.750000000000000000e+02 0.000000000000000000e+00 1.830666666666805581e-04 3.447939000000000220e+01 1.000000000000000000e+00 0.000000000000000000e+00 0.000000000000000000e+00 2.000000000000000000e+00 1.000000000000000000e+00 0.000000000000000000e+00
6.200000000000000000e+01 0.000000000000000000e+00 3.500000000000000000e+01 1.500000000000000000e+01 3.750000000000000000e+02 0.000000000000000000e+00 1.830933333333177929e-04 3.441073999999999700e+01 1.000000000000000000e+00 0.000000000000000000e+00 0.000000000000000000e+00 2.000000000000000000e+00 1.000000000000000000e+00 0.000000000000000000e+00
6.300000000000000000e+01 0.000000000000000000e+00 3.600000000000000000e+01 1.500000000000000000e+01 3.750000000000000000e+02 0.000000000000000000e+00 1.830933333333367122e-04 3.434208000000000283e+01 1.000000000000000000e+00 0.000000000000000000e+00 0.000000000000000000e+00 2.000000000000000000e+00 1.000000000000000000e+00 0.000000000000000000e+00
6.400000000000000000e+01 0.000000000000000000e+00 3.700000000000000000e+01 1.500000000000000000e+01 3.750000000000000000e+02 0.000000000000000000e+00 1.830666666666616116e-04 3.427342000000000155e+01 1.000000000000000000e+00 0.000000000000000000e+00 0.000000000000000000e+00 2.000000000000000000e+00 1.000000000000000000e+00 0.000000000000000000e+00
6.500000000000000000e+01 0.000000000000000000e+00 3.800000000000000000e+01 1.500000000000000000e+01 3.750000000000000000e+02 0.000000000000000000e+00 1.830933333333367122e-04 3.420477000000000345e+01 1.000000000000000000e+00 0.000000000000000000e+00 0.000000000000000000e+00 2.000000000000000000e+00 1.000000000000000000e+00 0.000000000000000000e+00
6.600000000000000000e+01 0.000000000000000000e+00 3.900000000000000000e+01 1.500000000000000000e+01 3.750000000000000000e+02 0.000000000000000000e+00 0.000000000000000000e+00 3.413611000000000217e+01 1.000000000000000000e+00 0.000000000000000000e+00 0.000000000000000000e+00 1.000000000000000000e+00 1.000000000000000000e+00 0.000000000000000000e+00
