4.740000000000000000e+02 0.000000000000000000e+00 2.300000000000000000e+01 1.400000000000000000e+01 1.000000000000000000e+00 1.000000000000000000e+00 3.750000000000000000e+02 3.650588989257812500e+01 2.815706655383110046e-03 1.000000000000000000e+00 0.000000000000000000e+00 0.000000000000000000e+00 0.000000000000000000e+00 0.000000000000000000e+00 0.000000000000000000e+00 1.000000000000000000e+00 0.000000000000000000e+00
4.070000000000000000e+02 0.000000000000000000e+00 2.000000000000000000e+01 7.000000000000000000e+00 2.000000000000000000e+00 1.000000000000000000e+00 3.750000000000000000e+02 3.850000000000000000e+01 1.992247998714447021e-03 1.000000000000000000e+00 0.000000000000000000e+00 0.000000000000000000e+00 0.000000000000000000e+00 0.000000000000000000e+00 0.000000000000000000e+00 2.000000000000000000e+00 0.000000000000000000e+00
4.270000000000000000e+02 0.000000000000000000e+00 2.100000000000000000e+01 7.000000000000000000e+00 2.000000000000000000e+00 2.000000000000000000e+00 5.303300781250000000e+02 3.775290679931640625e+01 3.826050960924476385e-04 1.000000000000000000e+00 0.000000000000000000e+00 0.000000000000000000e+00 0.000000000000000000e+00 0.000000000000000000e+00 0.000000000000000000e+00 3.000000000000000000e+00 0.000000000000000000e+00
4.480000000000000000e+02 0.000000000000000000e+00 2.200000000000000000e+01 8.000000000000000000e+00 2.000000000000000000e+00 3.000000000000000000e+00 3.750000000000000000e+02 3.754999923706054688e+01 1.551199966343119740e-04 1.000000000000000000e+00 0.000000000000000000e+00 0.000000000000000000e+00 0.000000000000000000e+00 0.000000000000000000e+00 0.000000000000000000e+00 4.000000000000000000e+00 0.000000000000000000e+00
4.680000000000000000e+02 0.000000000000000000e+00 2.300000000000000000e+01 8.000000000000000000e+00 2.000000000000000000e+00 4.000000000000000000e+00 5.303300781250000000e+02 3.749182891845703125e+01 5.196197889745235443e-04 1.000000000000000000e+00 0.000000000000000000e+00 0.000000000000000000e+00 0.000000000000000000e+00 0.000000000000000000e+00 0.000000000000000000e+00 5.000000000000000000e+00 0.000000000000000000e+00
4.890000000000000000e+02 0.000000000000000000e+00 2.400000000000000000e+01 9.000000000000000000e+00 2.000000000000000000e+00 5.000000000000000000e+00 5.303300781250000000e+02 3.721625900268554688e+01 6.283822003751993179e-04 1.000000000000000000e+00 0.000000000000000000e+00 0.000000000000000000e+00 0.000000000000000000e+00 0.000000000000000000e+00 0.000000000000000000e+00 6.000000000000000000e+00 0.000000000000000000e+00
5.100000000000000000e+02 0.000000000000000000e+00 2.500000000000000000e+01 1.000000000000000000e+01 2.000000000000000000e+00 6.000000000000000000e+00 3.750000000000000000e+02 3.688301086425781250e+01 3.961866605095565319e-04 1.000000000000000000e+00 0.000000000000000000e+00 0.000000000000000000e+00 0.000000000000000000e+00 0.000000000000000000e+00 0.000000000000000000e+00 7.000000000000000000e+00 0.000000000000000000e+00
5.300000000000000000e+02 0.000000000000000000e+00 2.600000000000000000e+01 1.000000000000000000e+01 2.000000000000000000e+00 7.000000000000000000e+00 3.750000000000000000e+02 3.673443984985351562e+01 2.225173404440283775e-03 1.000000000000000000e+00 0.000000000000000000e+00 0.000000000000000000e+00 0.000000000000000000e+00 0.000000000000000000e+00 0.000000000000000000e+00 8.000000000000000000e+00 0.000000000000000000e+00
5.500000000000000000e+02 0.000000000000000000e+00 2.700000000000000000e+01 1.000000000000000000e+01 2.000000000000000000e+00 8.000000000000000000e+00 3.750000000000000000e+02 3.590000152587890625e+01 1.333333319053053856e-03 1.000000000000000000e+00 0.000000000000000000e+00 0.000000000000000000e+00 0.000000000000000000e+00 0.000000000000000000e+00 0.000000000000000000e+00 9.000000000000000000e+00 0.000000000000000000e+00
3.620000000000000000e+02 0.000000000000000000e+00 1.800000000000000000e+01 2.000000000000000000e+00 3.000000000000000000e+00 1.000000000000000000e+00 5.303300781250000000e+02 3.950000000000000000e+01 7.542472449131309986e-04 1.000000000000000000e+00 0.000000000000000000e+00 0.000000000000000000e+00 0.000000000000000000e+00 0.000000000000000000e+00 0.000000000000000000e+00 1.000000000000000000e+01 0.000000000000000000e+00
3.830000000000000000e+02 0.000000000000000000e+00 1.900000000000000000e+01 3.000000000000000000e+00 3.000000000000000000e+00 2.000000000000000000e+00 3.750000000000000000e+02 3.909999847412109375e+01 7.999999797903001308e-04 1.000000000000000000e+00 0.000000000000000000e+00 0.000000000000000000e+00 0.000000000000000000e+00 0.000000000000000000e+00 0.000000000000000000e+00 1.100000000000000000e+01 0.000000000000000000e+00
4.030000000000000000e+02 0.000000000000000000e+00 2.000000000000000000e+01 3.000000000000000000e+00 3.000000000000000000e+00 3.000000000000000000e+00 3.750000000000000000e+02 3.879999923706054688e+01 1.599999959580600262e-03 1.000000000000000000e+00 0.000000000000000000e+00 0.000000000000000000e+00 0.000000000000000000e+00 0.000000000000000000e+00 0.000000000000000000e+00 1.200000000000000000e+01 0.000000000000000000e+00
4.230000000000000000e+02 0.000000000000000000e+00 2.100000000000000000e+01 3.000000000000000000e+00 3.000000000000000000e+00 4.000000000000000000e+00 5.303300781250000000e+02 3.820000076293945312e+01 5.656854482367634773e-04 1.000000000000000000e+00 0.000000000000000000e+00 0.000000000000000000e+00 0.000000000000000000e+00 0.000000000000000000e+00 0.000000000000000000e+00 1.300000000000000000e+01 0.000000000000000000e+00
4.440000000000000000e+02 0.000000000000000000e+00 2.200000000000000000e+01 4.000000000000000000e+00 3.000000000000000000e+00 5.000000000000000000e+00 5.303300781250000000e+02 3.790000152587890625e+01 5.656854482367634773e-04 1.000000000000000000e+00 0.000000000000000000e+00 0.000000000000000000e+00 0.000000000000000000e+00 0.000000000000000000e+00 0.000000000000000000e+00 1.400000000000000000e+01 0.000000000000000000e+00
4.650000000000000000e+02 0.000000000000000000e+00 2.300000000000000000e+01 5.000000000000000000e+00 3.000000000000000000e+00 6.000000000000000000e+00 5.303300781250000000e+02 3.759999847412109375e+01 9.428090415894985199e-04 1.000000000000000000e+00 0.000000000000000000e+00 0.000000000000000000e+00 0.000000000000000000e+00 0.000000000000000000e+00 0.000000000000000000e+00 1.500000000000000000e+01 0.000000000000000000e+00
4.860000000000000000e+02 0.000000000000000000e+00 2.400000000000000000e+01 6.000000000000000000e+00 3.000000000000000000e+00 7.000000000000000000e+00 5.303300781250000000e+02 3.709999847412109375e+01 3.771236224565654993e-04 1.000000000000000000e+00 0.000000000000000000e+00 0.000000000000000000e+00 0.000000000000000000e+00 0.000000000000000000e+00 0.000000000000000000e+00 1.600000000000000000e+01 0.000000000000000000e+00
5.070000000000000000e+02 0.000000000000000000e+00 2.500000000000000000e+01 7.000000000000000000e+00 3.000000000000000000e+00 8.000000000000000000e+00 5.303300781250000000e+02 3.690000152587890625e+01 5.656854482367634773e-04 1.000000000000000000e+00 0.000000000000000000e+00 0.000000000000000000e+00 0.000000000000000000e+00 0.000000000000000000e+00 0.000000000000000000e+00 1.700000000000000000e+01 0.000000000000000000e+00
5.280000000000000000e+02 0.000000000000000000e+00 2.600000000000000000e+01 8.000000000000000000e+00 3.000000000000000000e+00 9.000000000000000000e+00 5.303300781250000000e+02 3.659999847412109375e+01 7.542472449131309986e-04 1.000000000000000000e+00 0.000000000000000000e+00 0.000000000000000000e+00 0.000000000000000000e+00 0.000000000000000000e+00 0.000000000000000000e+00 1.800000000000000000e+01 0.000000000000000000e+00
5.490000000000000000e+02 0.000000000000000000e+00 2.700000000000000000e+01 9.000000000000000000e+00 3.000000000000000000e+00 1.000000000000000000e+01 5.303300781250000000e+02 3.620000076293945312e+01 1.508494489826261997e-03 1.000000000000000000e+00 0.000000000000000000e+00 0.000000000000000000e+00 0.000000000000000000e+00 0.000000000000000000e+00 0.000000000000000000e+00 1.900000000000000000e+01 0.000000000000000000e+00
5.700000000000000000e+02 0.000000000000000000e+00 2.800000000000000000e+01 1.000000000000000000e+01 4.000000000000000000e+00 1.000000000000000000e+00 5.303300781250000000e+02 3.540000152587890625e+01 5.468292511068284512e-04 1.000000000000000000e+00 0.000000000000000000e+00 0.000000000000000000e+00 0.000000000000000000e+00 0.000000000000000000e+00 0.000000000000000000e+00 2.000000000000000000e+01 0.000000000000000000e+00
5.910000000000000000e+02 0.000000000000000000e+00 2.900000000000000000e+01 1.100000000000000000e+01 4.000000000000000000e+00 2.000000000000000000e+00 5.303300781250000000e+02 3.511000061035156250e+01 2.451303589623421431e-04 1.000000000000000000e+00 0.000000000000000000e+00 0.000000000000000000e+00 0.000000000000000000e+00 0.000000000000000000e+00 0.000000000000000000e+00 2.100000000000000000e+01 0.000000000000000000e+00
6.120000000000000000e+02 0.000000000000000000e+00 3.000000000000000000e+01 1.200000000000000000e+01 4.000000000000000000e+00 3.000000000000000000e+00 5.303300781250000000e+02 3.497999954223632812e+01 3.394112573005259037e-04 1.000000000000000000e+00 0.000000000000000000e+00 0.000000000000000000e+00 0.000000000000000000e+00 0.000000000000000000e+00 0.000000000000000000e+00 2.200000000000000000e+01 0.000000000000000000e+00
1.890000000000000000e+02 0.000000000000000000e+00 9.000000000000000000e+00 9.000000000000000000e+00 5.000000000000000000e+00 1.000000000000000000e+00 3.750000000000000000e+02 4.700000000000000000e+01 6.399999838322401047e-03 1.000000000000000000e+00 0.000000000000000000e+00 0.000000000000000000e+00 0.000000000000000000e+00 0.000000000000000000e+00 0.000000000000000000e+00 2.300000000000000000e+01 0.000000000000000000e+00
2.090000000000000000e+02 0.000000000000000000e+00 1.000000000000000000e+01 9.000000000000000000e+00 5.000000000000000000e+00 2.000000000000000000e+00 5.303300781250000000e+02 4.459999847412109375e+01 3.016988979652523994e-03 1.000000000000000000e+00 0.000000000000000000e+00 0.000000000000000000e+00 0.000000000000000000e+00 0.000000000000000000e+00 0.000000000000000000e+00 2.400000000000000000e+01 0.000000000000000000e+00
2.300000000000000000e+02 0.000000000000000000e+00 1.100000000000000000e+01 1.000000000000000000e+01 5.000000000000000000e+00 3.000000000000000000e+00 5.303300781250000000e+02 4.300000000000000000e+01 2.828427124768495560e-03 1.000000000000000000e+00 0.000000000000000000e+00 0.000000000000000000e+00 0.000000000000000000e+00 0.000000000000000000e+00 0.000000000000000000e+00 2.500000000000000000e+01 0.000000000000000000e+00
2.510000000000000000e+02 0.000000000000000000e+00 1.200000000000000000e+01 1.100000000000000000e+01 5.000000000000000000e+00 4.000000000000000000e+00 3.750000000000000000e+02 4.150000000000000000e+01 4.000000189989805222e-03 1.000000000000000000e+00 0.000000000000000000e+00 0.000000000000000000e+00 0.000000000000000000e+00 0.000000000000000000e+00 0.000000000000000000e+00 2.600000000000000000e+01 0.000000000000000000e+00
2.710000000000000000e+02 0.000000000000000000e+00 1.300000000000000000e+01 1.100000000000000000e+01 5.000000000000000000e+00 5.000000000000000000e+00 3.750000000000000000e+02 4.000000000000000000e+01 2.666666638106107712e-03 1.000000000000000000e+00 0.000000000000000000e+00 0.000000000000000000e+00 0.000000000000000000e+00 0.000000000000000000e+00 0.000000000000000000e+00 2.700000000000000000e+01 0.000000000000000000e+00
2.910000000000000000e+02 0.000000000000000000e+00 1.400000000000000000e+01 1.100000000000000000e+01 5.000000000000000000e+00 6.000000000000000000e+00 3.750000000000000000e+02 3.900000000000000000e+01 1.333333319053053856e-03 1.000000000000000000e+00 0.000000000000000000e+00 0.000000000000000000e+00 0.000000000000000000e+00 0.000000000000000000e+00 0.000000000000000000e+00 2.800000000000000000e+01 0.000000000000000000e+00
3.110000000000000000e+02 0.000000000000000000e+00 1.500000000000000000e+01 1.100000000000000000e+01 5.000000000000000000e+00 7.000000000000000000e+00 5.303300781250000000e+02 3.850000000000000000e+01 9.428090415894985199e-04 1.000000000000000000e+00 0.000000000000000000e+00 0.000000000000000000e+00 0.000000000000000000e+00 0.000000000000000000e+00 0.000000000000000000e+00 2.900000000000000000e+01 0.000000000000000000e+00
3.320000000000000000e+02 0.000000000000000000e+00 1.600000000000000000e+01 1.200000000000000000e+01 5.000000000000000000e+00 8.000000000000000000e+00 5.303300781250000000e+02 3.800000000000000000e+01 9.428090415894985199e-04 1.000000000000000000e+00 0.000000000000000000e+00 0.000000000000000000e+00 0.000000000000000000e+00 0.000000000000000000e+00 0.000000000000000000e+00 3.000000000000000000e+01 0.000000000000000000e+00
3.530000000000000000e+02 0.000000000000000000e+00 1.700000000000000000e+01 1.300000000000000000e+01 5.000000000000000000e+00 9.000000000000000000e+00 3.750000000000000000e+02 3.750000000000000000e+01 1.599999959580600262e-03 1.000000000000000000e+00 0.000000000000000000e+00 0.000000000000000000e+00 0.000000000000000000e+00 0.000000000000000000e+00 0.000000000000000000e+00 3.100000000000000000e+01 0.000000000000000000e+00
3.730000000000000000e+02 0.000000000000000000e+00 1.800000000000000000e+01 1.300000000000000000e+01 5.000000000000000000e+00 1.000000000000000000e+01 5.303300781250000000e+02 3.690000152587890625e+01 1.131370896473526955e-03 1.000000000000000000e+00 0.000000000000000000e+00 0.000000000000000000e+00 0.000000000000000000e+00 0.000000000000000000e+00 0.000000000000000000e+00 3.200000000000000000e+01 0.000000000000000000e+00
3.940000000000000000e+02 0.000000000000000000e+00 1.900000000000000000e+01 1.400000000000000000e+01 5.000000000000000000e+00 1.100000000000000000e+01 5.303300781250000000e+02 3.629999923706054688e+01 1.131370896473526955e-03 1.000000000000000000e+00 0.000000000000000000e+00 0.000000000000000000e+00 0.000000000000000000e+00 0.000000000000000000e+00 0.000000000000000000e+00 3.300000000000000000e+01 0.000000000000000000e+00
1.550000000000000000e+02 0.000000000000000000e+00 7.000000000000000000e+00 1.500000000000000000e+01 6.000000000000000000e+00 1.000000000000000000e+00 3.750000000000000000e+02 4.904970932006835938e+01 2.664773259311914444e-03 1.000000000000000000e+00 0.000000000000000000e+00 0.000000000000000000e+00 0.000000000000000000e+00 0.000000000000000000e+00 0.000000000000000000e+00 3.400000000000000000e+01 0.000000000000000000e+00
1.750000000000000000e+02 0.000000000000000000e+00 8.000000000000000000e+00 1.500000000000000000e+01 6.000000000000000000e+00 2.000000000000000000e+00 3.750000000000000000e+02 4.805041885375976562e+01 2.655653282999992371e-03 1.000000000000000000e+00 0.000000000000000000e+00 0.000000000000000000e+00 0.000000000000000000e+00 0.000000000000000000e+00 0.000000000000000000e+00 3.500000000000000000e+01 0.000000000000000000e+00
1.950000000000000000e+02 0.000000000000000000e+00 9.000000000000000000e+00 1.500000000000000000e+01 6.000000000000000000e+00 3.000000000000000000e+00 3.750000000000000000e+02 4.705455017089843750e+01 2.646479988470673561e-03 1.000000000000000000e+00 0.000000000000000000e+00 0.000000000000000000e+00 0.000000000000000000e+00 0.000000000000000000e+00 0.000000000000000000e+00 3.600000000000000000e+01 0.000000000000000000e+00
2.150000000000000000e+02 0.000000000000000000e+00 1.000000000000000000e+01 1.500000000000000000e+01 6.000000000000000000e+00 4.000000000000000000e+00 3.750000000000000000e+02 4.606211853027343750e+01 2.637306693941354752e-03 1.000000000000000000e+00 0.000000000000000000e+00 0.000000000000000000e+00 0.000000000000000000e+00 0.000000000000000000e+00 0.000000000000000000e+00 3.700000000000000000e+01 0.000000000000000000e+00
2.350000000000000000e+02 0.000000000000000000e+00 1.100000000000000000e+01 1.500000000000000000e+01 6.000000000000000000e+00 5.000000000000000000e+00 5.303300781250000000e+02 4.507313156127929688e+01 6.737558636814355850e-03 1.000000000000000000e+00 0.000000000000000000e+00 0.000000000000000000e+00 0.000000000000000000e+00 0.000000000000000000e+00 0.000000000000000000e+00 3.800000000000000000e+01 0.000000000000000000e+00
2.560000000000000000e+02 0.000000000000000000e+00 1.200000000000000000e+01 1.600000000000000000e+01 6.000000000000000000e+00 6.000000000000000000e+00 3.750000000000000000e+02 4.150000000000000000e+01 4.000000189989805222e-03 1.000000000000000000e+00 0.000000000000000000e+00 0.000000000000000000e+00 0.000000000000000000e+00 0.000000000000000000e+00 0.000000000000000000e+00 3.900000000000000000e+01 0.000000000000000000e+00
2.760000000000000000e+02 0.000000000000000000e+00 1.300000000000000000e+01 1.600000000000000000e+01 6.000000000000000000e+00 7.000000000000000000e+00 3.750000000000000000e+02 4.000000000000000000e+01 2.666666638106107712e-03 1.000000000000000000e+00 0.000000000000000000e+00 0.000000000000000000e+00 0.000000000000000000e+00 0.000000000000000000e+00 0.000000000000000000e+00 4.000000000000000000e+01 0.000000000000000000e+00
2.960000000000000000e+02 0.000000000000000000e+00 1.400000000000000000e+01 1.600000000000000000e+01 6.000000000000000000e+00 8.000000000000000000e+00 3.750000000000000000e+02 3.900000000000000000e+01 2.666666638106107712e-03 1.000000000000000000e+00 0.000000000000000000e+00 0.000000000000000000e+00 0.000000000000000000e+00 0.000000000000000000e+00 0.000000000000000000e+00 4.100000000000000000e+01 0.000000000000000000e+00
3.160000000000000000e+02 0.000000000000000000e+00 1.500000000000000000e+01 1.600000000000000000e+01 6.000000000000000000e+00 9.000000000000000000e+00 3.750000000000000000e+02 3.800000000000000000e+01 1.333333319053053856e-03 1.000000000000000000e+00 0.000000000000000000e+00 0.000000000000000000e+00 0.000000000000000000e+00 0.000000000000000000e+00 0.000000000000000000e+00 4.200000000000000000e+01 0.000000000000000000e+00
3.360000000000000000e+02 0.000000000000000000e+00 1.600000000000000000e+01 1.600000000000000000e+01 6.000000000000000000e+00 1.000000000000000000e+01 3.750000000000000000e+02 3.750000000000000000e+01 1.333333319053053856e-03 1.000000000000000000e+00 0.000000000000000000e+00 0.000000000000000000e+00 0.000000000000000000e+00 0.000000000000000000e+00 0.000000000000000000e+00 4.300000000000000000e+01 0.000000000000000000e+00
3.560000000000000000e+02 0.000000000000000000e+00 1.700000000000000000e+01 1.600000000000000000e+01 6.000000000000000000e+00 1.100000000000000000e+01 3.750000000000000000e+02 3.700000000000000000e+01 1.333333319053053856e-03 1.000000000000000000e+00 0.000000000000000000e+00 0.000000000000000000e+00 0.000000000000000000e+00 0.000000000000000000e+00 0.000000000000000000e+00 4.400000000000000000e+01 0.000000000000000000e+00
3.760000000000000000e+02 0.000000000000000000e+00 1.800000000000000000e+01 1.600000000000000000e+01 6.000000000000000000e+00 1.200000000000000000e+01 5.303300781250000000e+02 3.650000000000000000e+01 9.428090415894985199e-04 1.000000000000000000e+00 0.000000000000000000e+00 0.000000000000000000e+00 0.000000000000000000e+00 0.000000000000000000e+00 0.000000000000000000e+00 4.500000000000000000e+01 0.000000000000000000e+00
3.950000000000000000e+02 0.000000000000000000e+00 1.900000000000000000e+01 1.500000000000000000e+01 6.000000000000000000e+00 1.300000000000000000e+01 3.750000000000000000e+02 3.600000000000000000e+01 7.999999797903001308e-04 1.000000000000000000e+00 0.000000000000000000e+00 0.000000000000000000e+00 0.000000000000000000e+00 0.000000000000000000e+00 0.000000000000000000e+00 4.600000000000000000e+01 0.000000000000000000e+00
4.150000000000000000e+02 0.000000000000000000e+00 2.000000000000000000e+01 1.500000000000000000e+01 7.000000000000000000e+00 1.000000000000000000e+00 3.750000000000000000e+02 3.570000076293945312e+01 5.333333392627537251e-04 1.000000000000000000e+00 0.000000000000000000e+00 0.000000000000000000e+00 0.000000000000000000e+00 0.000000000000000000e+00 0.000000000000000000e+00 4.700000000000000000e+01 0.000000000000000000e+00
4.350000000000000000e+02 0.000000000000000000e+00 2.100000000000000000e+01 1.500000000000000000e+01 7.000000000000000000e+00 2.000000000000000000e+00 3.750000000000000000e+02 3.550000000000000000e+01 1.333333348156884313e-04 1.000000000000000000e+00 0.000000000000000000e+00 0.000000000000000000e+00 0.000000000000000000e+00 0.000000000000000000e+00 0.000000000000000000e+00 4.800000000000000000e+01 0.000000000000000000e+00
4.550000000000000000e+02 0.000000000000000000e+00 2.200000000000000000e+01 1.500000000000000000e+01 7.000000000000000000e+00 3.000000000000000000e+00 3.750000000000000000e+02 3.545000076293945312e+01 0.000000000000000000e+00 1.000000000000000000e+00 0.000000000000000000e+00 0.000000000000000000e+00 0.000000000000000000e+00 0.000000000000000000e+00 0.000000000000000000e+00 4.900000000000000000e+01 0.000000000000000000e+00
4.750000000000000000e+02 0.000000000000000000e+00 2.300000000000000000e+01 1.500000000000000000e+01 8.000000000000000000e+00 1.000000000000000000e+00 3.750000000000000000e+02 3.545000076293945312e+01 0.000000000000000000e+00 1.000000000000000000e+00 0.000000000000000000e+00 0.000000000000000000e+00 0.000000000000000000e+00 0.000000000000000000e+00 0.000000000000000000e+00 5.000000000000000000e+01 0.000000000000000000e+00
4.950000000000000000e+02 0.000000000000000000e+00 2.400000000000000000e+01 1.500000000000000000e+01 8.000000000000000000e+00 2.000000000000000000e+00 3.750000000000000000e+02 3.545000076293945312e+01 0.000000000000000000e+00 1.000000000000000000e+00 0.000000000000000000e+00 0.000000000000000000e+00 0.000000000000000000e+00 0.000000000000000000e+00 0.000000000000000000e+00 5.100000000000000000e+01 0.000000000000000000e+00
5.150000000000000000e+02 0.000000000000000000e+00 2.500000000000000000e+01 1.500000000000000000e+01 8.000000000000000000e+00 3.000000000000000000e+00 3.750000000000000000e+02 3.545000076293945312e+01 0.000000000000000000e+00 1.000000000000000000e+00 0.000000000000000000e+00 0.000000000000000000e+00 0.000000000000000000e+00 0.000000000000000000e+00 0.000000000000000000e+00 5.200000000000000000e+01 0.000000000000000000e+00
5.350000000000000000e+02 0.000000000000000000e+00 2.600000000000000000e+01 1.500000000000000000e+01 8.000000000000000000e+00 4.000000000000000000e+00 5.303300781250000000e+02 3.545000076293945312e+01 2.828427241183817387e-04 1.000000000000000000e+00 0.000000000000000000e+00 0.000000000000000000e+00 0.000000000000000000e+00 0.000000000000000000e+00 0.000000000000000000e+00 5.300000000000000000e+01 0.000000000000000000e+00
5.540000000000000000e+02 0.000000000000000000e+00 2.700000000000000000e+01 1.400000000000000000e+01 8.000000000000000000e+00 5.000000000000000000e+00 3.750000000000000000e+02 3.529999923706054688e+01 2.666666696313768625e-04 1.000000000000000000e+00 0.000000000000000000e+00 0.000000000000000000e+00 0.000000000000000000e+00 0.000000000000000000e+00 0.000000000000000000e+00 5.400000000000000000e+01 0.000000000000000000e+00
5.740000000000000000e+02 0.000000000000000000e+00 2.800000000000000000e+01 1.400000000000000000e+01 8.000000000000000000e+00 6.000000000000000000e+00 5.303300781250000000e+02 3.520000076293945312e+01 3.771236224565654993e-04 1.000000000000000000e+00 0.000000000000000000e+00 0.000000000000000000e+00 0.000000000000000000e+00 0.000000000000000000e+00 0.000000000000000000e+00 5.500000000000000000e+01 0.000000000000000000e+00
5.930000000000000000e+02 0.000000000000000000e+00 2.900000000000000000e+01 1.300000000000000000e+01 8.000000000000000000e+00 7.000000000000000000e+00 3.750000000000000000e+02 3.500000000000000000e+01 2.933333453256636858e-04 1.000000000000000000e+00 0.000000000000000000e+00 0.000000000000000000e+00 0.000000000000000000e+00 0.000000000000000000e+00 0.000000000000000000e+00 5.600000000000000000e+01 0.000000000000000000e+00
6.130000000000000000e+02 0.000000000000000000e+00 3.000000000000000000e+01 1.300000000000000000e+01 8.000000000000000000e+00 8.000000000000000000e+00 3.750000000000000000e+02 3.488999938964843750e+01 2.399999939370900393e-04 1.000000000000000000e+00 0.000000000000000000e+00 0.000000000000000000e+00 0.000000000000000000e+00 0.000000000000000000e+00 0.000000000000000000e+00 5.700000000000000000e+01 0.000000000000000000e+00
6.330000000000000000e+02 0.000000000000000000e+00 3.100000000000000000e+01 1.300000000000000000e+01 9.000000000000000000e+00 1.000000000000000000e+00 3.750000000000000000e+02 3.479999923706054688e+01 2.666666696313768625e-04 1.000000000000000000e+00 0.000000000000000000e+00 0.000000000000000000e+00 0.000000000000000000e+00 0.000000000000000000e+00 0.000000000000000000e+00 5.800000000000000000e+01 0.000000000000000000e+00
6.530000000000000000e+02 0.000000000000000000e+00 3.200000000000000000e+01 1.300000000000000000e+01 9.000000000000000000e+00 2.000000000000000000e+00 5.303300781250000000e+02 3.470000076293945312e+01 1.885618112282827497e-04 1.000000000000000000e+00 0.000000000000000000e+00 0.000000000000000000e+00 0.000000000000000000e+00 0.000000000000000000e+00 0.000000000000000000e+00 5.900000000000000000e+01 0.000000000000000000e+00
6.740000000000000000e+02 0.000000000000000000e+00 3.300000000000000000e+01 1.400000000000000000e+01 9.000000000000000000e+00 3.000000000000000000e+00 5.303300781250000000e+02 3.459999847412109375e+01 2.274244034197181463e-04 1.000000000000000000e+00 0.000000000000000000e+00 0.000000000000000000e+00 0.000000000000000000e+00 0.000000000000000000e+00 0.000000000000000000e+00 6.000000000000000000e+01 0.000000000000000000e+00
6.950000000000000000e+02 0.000000000000000000e+00 3.400000000000000000e+01 1.500000000000000000e+01 9.000000000000000000e+00 4.000000000000000000e+00 3.750000000000000000e+02 3.447938919067382812e+01 1.830666733440011740e-04 1.000000000000000000e+00 0.000000000000000000e+00 0.000000000000000000e+00 0.000000000000000000e+00 0.000000000000000000e+00 0.000000000000000000e+00 6.100000000000000000e+01 0.000000000000000000e+00
7.150000000000000000e+02 0.000000000000000000e+00 3.500000000000000000e+01 1.500000000000000000e+01 9.000000000000000000e+00 5.000000000000000000e+00 3.750000000000000000e+02 3.441073989868164062e+01 1.830933324526995420e-04 1.000000000000000000e+00 0.000000000000000000e+00 0.000000000000000000e+00 0.000000000000000000e+00 0.000000000000000000e+00 0.000000000000000000e+00 6.200000000000000000e+01 0.000000000000000000e+00
7.350000000000000000e+02 0.000000000000000000e+00 3.600000000000000000e+01 1.500000000000000000e+01 9.000000000000000000e+00 6.000000000000000000e+00 3.750000000000000000e+02 3.434207916259765625e+01 1.830933324526995420e-04 1.000000000000000000e+00 0.000000000000000000e+00 0.000000000000000000e+00 0.000000000000000000e+00 0.000000000000000000e+00 0.000000000000000000e+00 6.300000000000000000e+01 0.000000000000000000e+00
7.550000000000000000e+02 0.000000000000000000e+00 3.700000000000000000e+01 1.500000000000000000e+01 9.000000000000000000e+00 7.000000000000000000e+00 3.750000000000000000e+02 3.427341842651367188e+01 1.830666733440011740e-04 1.000000000000000000e+00 0.000000000000000000e+00 0.000000000000000000e+00 0.000000000000000000e+00 0.000000000000000000e+00 0.000000000000000000e+00 6.400000000000000000e+01 0.000000000000000000e+00
7.750000000000000000e+02 0.000000000000000000e+00 3.800000000000000000e+01 1.500000000000000000e+01 9.000000000000000000e+00 8.000000000000000000e+00 3.750000000000000000e+02 3.420476913452148438e+01 1.830933324526995420e-04 1.000000000000000000e+00 0.000000000000000000e+00 0.000000000000000000e+00 0.000000000000000000e+00 0.000000000000000000e+00 0.000000000000000000e+00 6.500000000000000000e+01 0.000000000000000000e+00
7.950000000000000000e+02 0.000000000000000000e+00 3.900000000000000000e+01 1.500000000000000000e+01 1.000000000000000000e+01 1.000000000000000000e+00 3.750000000000000000e+02 3.413610839843750000e+01 9.999999747378751636e-05 1.000000000000000000e+00 0.000000000000000000e+00 0.000000000000000000e+00 0.000000000000000000e+00 0.000000000000000000e+00 0.000000000000000000e+00 6.600000000000000000e+01 0.000000000000000000e+00
