-2.000000000000000042e-03 3.040000000000000688e-02 1.600000000000000033e-02 9.421359999999993212e-03 4.037890847558912519e-03 4.281079011744587208e-03 4.150660237022544413e-03 4.345227738933834377e-03 4.415542437255015780e-03 4.326277277198029188e-03 4.267587414359546444e-03 4.283709448970592602e-03 4.383468073660382221e-03 4.368929958239194285e-03 4.886616974881495719e-03 4.093320000000005322e-03 3.754080000000015963e-03 4.431975598849801669e-03 3.023027999999999479e-02 -4.000000000000000083e-03
2.000000000000000042e-03 3.240000000000000518e-02 1.872816000000000411e-02 4.014160000000003593e-03 4.040690990412395753e-03 4.327521785132910047e-03 4.212206811257002137e-03 4.408725927884384402e-03 4.471319020155009247e-03 4.376170731678551487e-03 4.308373333498390252e-03 4.344322642253910065e-03 4.387512724448787080e-03 4.328483450355347789e-03 5.112721439233708191e-03 4.079559999999986426e-03 3.789479999999997416e-03 7.394385316495221371e-03 2.247316000000000591e-02 4.000000000000000083e-03
4.000000000000000083e-03 3.200000000000000067e-02 1.600000000000000033e-02 3.905599999999992585e-03 4.042642605128487186e-03 4.366752069353152348e-03 4.290073410001281340e-03 4.447475379493407398e-03 4.605301613054238463e-03 4.527491582852471823e-03 4.367685450304313426e-03 4.372408923602651327e-03 4.342342743266601815e-03 4.334988832742259386e-03 5.290346662667757063e-03 4.065840000000008926e-03 3.972384475349778447e-03 1.205724000000000726e-02 1.638991999999998839e-02 2.268400000000014155e-03
7.199999999999988527e-03 3.200000000000000067e-02 1.103086578651013734e-02 3.559688673578080120e-03 4.106055941265287015e-03 4.425611637819112931e-03 4.287952089657712067e-03 4.635537499017765815e-03 4.783464237641998386e-03 4.491400852740710069e-03 4.335413096810965261e-03 4.325117622076896789e-03 4.300312316192857198e-03 4.322204342138387563e-03 5.372569039184140957e-03 4.052160000000014708e-03 4.146191322165453629e-03 1.858455999999998262e-02 1.932635970067822853e-02 1.266579999999999095e-02
4.000000000000000083e-03 2.511636000000001465e-02 1.435864000000000758e-02 1.281636000000000233e-02 4.377556660969675155e-03 4.389973456047312900e-03 4.586888552472144324e-03 4.804394598365131774e-03 4.751870706658604081e-03 4.574613178750748521e-03 4.491759999999999156e-03 4.346440000000000893e-03 4.284473124294274973e-03 4.281644697169535892e-03 5.423056463360867788e-03 4.038319999999998890e-03 4.239331427383346423e-03 3.989560000000011777e-03 2.150216000000000280e-02 1.463863772120889070e-02
5.200000000000017109e-03 1.619347999999999274e-02 3.586839999999995223e-03 1.423604000000000189e-02 5.136027678741618939e-03 4.552014046024027531e-03 4.964851269151988183e-03 4.947569579419769728e-03 5.032535530247164192e-03 4.703440000000000572e-03 4.523719999999997569e-03 4.419880000000006234e-03 4.306919999999990999e-03 4.196879999999993116e-03 5.436689482102131411e-03 4.024679999999989689e-03 4.296946487914406199e-03 4.028279999999995198e-03 4.032000000000010402e-03 2.057532000000000458e-02
3.599999999999994264e-03 8.862799999999993600e-03 3.389960000000002190e-03 1.863380000000000938e-02 4.205800000000010398e-03 2.345200000000005613e-03 5.773470299845661485e-03 5.314560000000000291e-03 5.140298603699994251e-03 4.849199999999996222e-03 4.619280000000003383e-03 4.490960000000001305e-03 4.365679999999997653e-03 4.291480000000007233e-03 7.496152124443595036e-03 4.010960000000011322e-03 4.293750365263452988e-03 4.108120000000013705e-03 4.061719999999979618e-03 4.025159999999999849e-03
5.754279999999994434e-03 3.788847839225002560e-03 3.150599999999997326e-03 2.229279999999988441e-03 1.663380000000000761e-02 1.349948000000000467e-02 2.000960000000000585e-02 5.567673942249122022e-03 8.340748748164044865e-03 9.600799999999992673e-03 5.621414057619315494e-03 4.548279999999976612e-03 4.454000000000007432e-03 4.319479999999998807e-03 9.801160000000010142e-03 3.997159999999979653e-03 4.426000000000015859e-03 6.089479999999980464e-03 4.528396679532397003e-03 4.015479999999996621e-03
3.593679999999977587e-03 3.529120000000006245e-03 3.297040000000009755e-03 4.106621626690234832e-03 2.067071999999998966e-02 1.320219272163528773e-02 1.414213562373095069e-02 1.239999422051477583e-02 1.139610058112862194e-02 1.000000000000000021e-02 9.399513873770286992e-03 4.556440000000008816e-03 4.469999999999999148e-03 4.424720000000007848e-03 1.179831999999998889e-02 3.983480000000014058e-03 6.845331043039476135e-03 8.400000000000006420e-03 7.594892515368474248e-03 3.920279999999991272e-03
3.823560000000014898e-03 3.728039999999992801e-03 4.396026290094261907e-03 6.021600000000006288e-03 5.440847269975521497e-03 2.436523999999999981e-02 1.929674606868213987e-02 1.128971999999998921e-02 1.418722075209940571e-02 9.599999999999993955e-03 1.284575433537478266e-02 4.484360000000009276e-03 4.505400000000008356e-03 4.572920000000010692e-03 9.781800000000003686e-03 3.969719999999995162e-03 7.597607805408208154e-03 5.199999999999988486e-03 8.465142973110375418e-03 3.761879999999990891e-03
4.069680000000005203e-03 4.000679999999988239e-03 7.147265638606146998e-03 4.845152233232718868e-03 5.322081615007433208e-03 4.941720000000003610e-03 2.728971999999998954e-02 5.668790211958819360e-03 1.498099999999999432e-02 4.525483399593907725e-03 1.997491999999999671e-02 1.337062555691392873e-02 4.548648217745576532e-03 4.905079999999998296e-03 8.278438498605883086e-03 3.955960000000004889e-03 9.862527394091234745e-03 6.800000000000011764e-03 1.064922611456814092e-02 3.679920000000009694e-03
4.249439999999992355e-03 4.237000000000022866e-03 6.930806110749325802e-03 5.576074370809632440e-03 5.205578701739117103e-03 4.906919999999985633e-03 2.350595999999998895e-02 5.795786589859918542e-03 7.278532941465601543e-03 1.626843999999999860e-02 4.242640687119284860e-03 2.056520000000000570e-02 1.350036550912603849e-02 2.951439999999990946e-03 7.389124442043191500e-03 1.010633781224435160e-02 1.665731999999999977e-02 4.242640687119284860e-03 1.143695999999999949e-02 3.221959999999995505e-03
4.450600000000008542e-03 4.442799999999976802e-03 5.106120000000003920e-03 5.714469310023458960e-03 5.091338530170632162e-03 4.872120000000024036e-03 1.970784000000000424e-02 5.785773957838314004e-03 4.187720000000012821e-03 8.453122157830207650e-03 1.733104000000000242e-02 6.000000000000000125e-03 1.540883999999999830e-02 3.349719999999990500e-03 7.338580449323971189e-03 1.156133729375628978e-02 6.000000000000000125e-03 1.035204327657104559e-02 6.992720380509996787e-03 2.979578270292631680e-03
4.663479999999992423e-03 9.885522506615425711e-03 1.478940000000000116e-02 9.826068968453260596e-03 4.979304531759426791e-03 4.837279999999992419e-03 1.589536000000001115e-02 5.702052514945821216e-03 4.069119999999998120e-03 4.028639999999995662e-03 1.927879999999998831e-02 4.000000000000000083e-03 1.774139999999999745e-02 3.604000000000013443e-03 8.126863088990736450e-03 1.242168000000000959e-02 4.000000000000000083e-03 9.933480000000003210e-03 6.252759999999995232e-03 5.854561305512149746e-03
4.796320000000008424e-03 1.225469791911656774e-02 8.000000000000000167e-03 1.220042040259268316e-02 4.919720000000011965e-03 4.802480000000003066e-03 1.006847999999999424e-02 5.562130225084629086e-03 3.975239999999984931e-03 3.962440000000014978e-03 1.931592000000000725e-02 2.000000000000000042e-03 1.801599999999999036e-02 3.201779505212681235e-03 8.056916086195768309e-03 1.250687999999999453e-02 4.000000000000000083e-03 1.200000000000000025e-02 4.520399999999994735e-03 8.679599999999993917e-03
5.010679999999979178e-03 1.733582582736686167e-02 1.200000000000000025e-02 1.765451999999998953e-02 7.382986755182473215e-03 7.685769878886555828e-03 9.595079999999995418e-03 5.384080737581854390e-03 3.907000000000010291e-03 3.877999999999986059e-03 1.741767999999999095e-02 1.414213562373095026e-03 1.824288000000001339e-02 1.414213562373095069e-02 5.629220516483620512e-03 1.260579999999998820e-02 2.000000000000000042e-03 1.519999999999998783e-02 1.299999999999999940e-02 6.420246730461376394e-03
5.056480000000022033e-03 1.946487999999999344e-02 6.000000000000000125e-03 9.050966799187815451e-03 7.042330992278056020e-03 7.236276240221885606e-03 4.131959999999992687e-03 1.050172000000000605e-02 2.876878081393096937e-03 3.847560000000015482e-03 9.575781452184468912e-03 1.505144000000001314e-02 1.414213562373095026e-03 1.571772000000001487e-02 1.055775478135383659e-02 1.071843999999998708e-02 2.000000000000000042e-03 1.600000000000000033e-02 1.356000000000000261e-02 2.439999999999997726e-03
5.188119999999997456e-03 2.042168000000000802e-02 4.000000000000000083e-03 8.768124086713192586e-03 6.445730858855329079e-03 6.801716696775893245e-03 4.118279999999998470e-03 4.115679999999997431e-03 1.026303999999998891e-02 2.975533619504227255e-03 5.296359999999993018e-03 4.525483399593907725e-03 6.000000000000000125e-03 2.400000000000005861e-03 1.112384000000000116e-02 8.844879999999989001e-03 2.000000000000000042e-03 1.600000000000000033e-02 1.548256000000000632e-02 2.917439999999999010e-03
5.709399999999987749e-03 2.444419999999999579e-02 1.131370849898471944e-03 1.000000000000000021e-02 1.011861318596574653e-02 6.382119532819793828e-03 4.104600000000005119e-03 4.125251999999988983e-03 3.167564022284634524e-03 8.118079999999992802e-03 3.057642858935625488e-03 3.816039999999986700e-03 1.113707999999999712e-02 1.697056274847718108e-03 1.201279999999999883e-02 8.984960000000000169e-03 1.414213562373095026e-03 1.400000000000000029e-02 1.828752000000000155e-02 4.512480000000010545e-03
7.920000000000015786e-04 9.045309944938316471e-03 5.605199999999996817e-03 1.200000000000017025e-03 9.542119999999982075e-03 7.124129104725714090e-03 4.278052594721113572e-03 5.257348000000007168e-03 5.374011537017757238e-03 5.204305909532999479e-03 4.442239999999998343e-03 3.208200034785863020e-03 5.146945407443147789e-03 8.820400000000006013e-03 1.697056274847697941e-03 1.199999999999988619e-03 1.247999999999998937e-02 1.469809125937105582e-02 1.208620851529543586e-02 6.107519999999993891e-03
2.311999999999983339e-03 8.575999999999993351e-03 8.144000000000005401e-03 2.399999999999977238e-03 3.168064653885696840e-03 6.418068841575313641e-03 4.118279999999998470e-03 2.988371999999998255e-03 5.507210655603439822e-03 5.769991334482225259e-03 4.400000000000005469e-03 3.676955262170039131e-03 2.220679999999987473e-03 3.394112549695436215e-03 6.399999999999976888e-03 8.000000000000114225e-04 1.319999999999998778e-02 9.948720000000008112e-03 9.948719999999980357e-03 7.702560000000004993e-03
3.159999999999996579e-03 8.365200000000015332e-03 1.188279999999997463e-02 8.485281374238690284e-04 4.920559999999994834e-03 8.028920000000000154e-03 7.950519999999983503e-04 5.739076626008844445e-04 3.400000000000005882e-03 3.252691193458134757e-03 2.545584412271567187e-03 4.000000000000000083e-03 1.465560000000010708e-03 2.751120000000014439e-03 3.648879999999991072e-03 1.999999999999886255e-04 1.352000000000000944e-02 9.591199999999987236e-03 9.591200000000014991e-03 9.297599999999989207e-03
4.344000000000022323e-03 8.954399999999992574e-03 9.621600000000000985e-03 4.000000000000000083e-03 8.485281374238489707e-04 8.388000000000004827e-03 6.016913022472584810e-04 5.169233413186188463e-04 2.326799999999877772e-04 3.400000000000005882e-03 2.800000000000011247e-03 6.655599999999992859e-04 4.797578088994540729e-04 1.253119999999995592e-03 4.146879999999981276e-03 0.000000000000000000e+00 1.323999999999998095e-02 9.233680000000020135e-03 9.233679999999992380e-03 1.089264000000000031e-02
5.527999999999991254e-03 9.588400000000007334e-03 8.233559999999983531e-03 4.159230371210532670e-03 6.612679999999983640e-03 1.414213562373095026e-03 3.511439999999993282e-03 1.701610042518557787e-03 7.794296627663128540e-04 2.334959999999995303e-03 1.753119999999995602e-03 5.817199999999900055e-04 6.092000000000154583e-04 6.323999999999898930e-04 4.223559999999991661e-03 0.000000000000000000e+00 1.275999999999999010e-02 8.876159999999999259e-03 8.876159999999999259e-03 1.248768000000001141e-02
6.712000000000017431e-03 9.788799999999981197e-03 7.550399999999996177e-03 1.610759999999999059e-03 5.581052402549177560e-03 8.292799999999999477e-03 5.656854249492460551e-04 3.131599999999991769e-03 1.546414246183731248e-03 9.425733393216667285e-04 6.472006946844201334e-04 5.174607424723303307e-04 5.282399999999824606e-04 5.848000000000013127e-04 4.188479999999998767e-03 0.000000000000000000e+00 1.228000000000000098e-02 8.518639999999976647e-03 8.518640000000004403e-03 1.408271999999999476e-02
7.895999999999986363e-03 9.989200000000010571e-03 6.867239999999981068e-03 1.704664743813288572e-03 2.036552382631002904e-03 6.820186325900479997e-03 3.842440000000010326e-03 8.485281374238489707e-04 3.008160000000003644e-03 1.452029633030956944e-03 5.942799999999977050e-04 4.769200000000069196e-04 4.377199999999845537e-04 5.288000000000181661e-04 4.098239999999976103e-03 0.000000000000000000e+00 1.179999999999998238e-02 8.161120000000011282e-03 8.161119999999981792e-03 1.567776000000000586e-02
9.080000000000011673e-03 1.018959999999998443e-02 6.184079999999994581e-03 1.938462529944800453e-03 1.985442704486834777e-03 6.527240000000006197e-03 3.726707295294340305e-03 3.494239999999990479e-03 1.131370849898471944e-03 3.101999999999975437e-03 3.337760000000002981e-03 2.216157505052379108e-03 3.617841135262850837e-04 3.574085367643045630e-03 4.576840000000003891e-03 4.242640687119445973e-04 1.131999999999999326e-02 7.803599999999988671e-03 7.803600000000017294e-03 1.727279999999999094e-02
1.026400000000000923e-02 1.039000000000001554e-02 5.500919999999979472e-03 2.172260316076332284e-03 1.934333026342666432e-03 6.451719999999994994e-03 3.114126548616809147e-03 3.539606840992358481e-03 3.743639999999999034e-03 2.262741699796963837e-03 2.000000000000000042e-03 3.618378536416562430e-03 3.832518754031098446e-04 4.893160000000023116e-03 3.999999999999772509e-04 3.993920000000003231e-03 7.665037508062156994e-03 7.446080000000023305e-03 7.446079999999994682e-03 1.886784000000000031e-02
1.144800000000000678e-02 1.059039999999998767e-02 4.817759999999992986e-03 2.406058102207844166e-03 1.883223348198498305e-03 6.376199999999982923e-03 3.055012421709620962e-03 3.196519999999992631e-03 3.479502764591516605e-03 5.921240000000011633e-03 8.202438661763926690e-04 6.175280000000014750e-03 4.441903378057656879e-03 5.911280000000004864e-03 5.656854249492460551e-04 4.271439999999984000e-03 7.088560000000000694e-03 7.088560000000000694e-03 7.088560000000000694e-03 2.046288000000001314e-02
1.263200000000000434e-02 1.079079999999999102e-02 4.134600000000005632e-03 2.639855888339375997e-03 1.832113670054350343e-03 6.300679999999999475e-03 2.995898294802412393e-03 3.530920000000008999e-03 2.387645041625730078e-03 7.567520000000002058e-03 7.599999999999909345e-04 3.676955262170119362e-04 6.102640000000008128e-03 4.399999999999977388e-04 5.939696961967023568e-04 4.518079999999997237e-03 6.761920000000003726e-03 6.761920000000003726e-03 6.761920000000003726e-03 2.199615999999997643e-02
1.381600000000000189e-02 1.099119999999999264e-02 3.579515947722533824e-03 2.873653674470887879e-03 1.781003991910182216e-03 6.225159999999988272e-03 2.936784167895224208e-03 3.865320000000025367e-03 2.338741536638880986e-03 6.232297748022002336e-03 5.141440000000017073e-03 6.066040000000015586e-03 5.091168824543133940e-04 3.600000000000136294e-04 4.885919999999998459e-03 3.073284060935472725e-03 6.453719999999975310e-03 6.453720000000003933e-03 6.453720000000003933e-03 2.349255999999999914e-02
1.499999999999999944e-02 1.119159999999999426e-02 3.096448879087141531e-03 3.114480000000014511e-03 1.729894313766014088e-03 6.149640000000004825e-03 2.877670040988016074e-03 4.199720000000013546e-03 2.289838031652011510e-03 3.478003698215387327e-03 1.758559999999988665e-03 5.042208751013792234e-03 5.952359999999998555e-03 3.999999999999772509e-04 5.020040000000023338e-03 3.113199999999949254e-04 6.188639999999992654e-03 6.188639999999992654e-03 9.091360000000008393e-03 2.199999999999999872e-02
1.618399999999999700e-02 1.139199999999999588e-02 2.613381810451728855e-03 3.445120000000002902e-03 1.678784635621845961e-03 6.074119999999993622e-03 2.818555914080827889e-03 4.534120000000001725e-03 2.240934526665162418e-03 3.115767036349159982e-03 2.135377626369631444e-03 2.464439999999996130e-03 6.851039999999983601e-03 2.828427124746230275e-04 5.897999999999996128e-03 6.089839999999980928e-03 8.519081078379283495e-03 4.242640687119284860e-03 1.680000000000001284e-02 1.840000000000000663e-02
7.639999999999986212e-03 1.980840000000000725e-02 2.130314741816336562e-03 3.775759999999991293e-03 1.627674957477698000e-03 5.998599999999981551e-03 2.759441787173639270e-03 4.868520000000017660e-03 2.192031021678293376e-03 2.603567168328879255e-03 2.515917040160104735e-03 3.030480000000011602e-03 5.197036851822385561e-03 5.579759999999993510e-03 3.411365955156357406e-04 2.746400000000050819e-04 9.007799999999975549e-03 1.680000000000001284e-02 1.612203461105329166e-02 1.329360748630710118e-02
7.640000000000014835e-03 1.146106955218402501e-02 8.927599999999983466e-03 4.106400000000007440e-03 1.576565279333529872e-03 5.923079999999998971e-03 2.700327660266431135e-03 5.202920000000005839e-03 2.143127516691423901e-03 2.351410061730628814e-03 4.354919999999993033e-03 3.596519999999998017e-03 2.640399999999999778e-03 3.965454828894160975e-03 5.747599999999976859e-03 2.746000000000208235e-04 6.136679999999983780e-03 2.394576000000000690e-02 1.919999999999998791e-02 6.222539674441625833e-03
7.639999999999986212e-03 1.168140402520175154e-02 1.158884000000000476e-02 4.437039999999996265e-03 1.525455601189361745e-03 5.847559999999986900e-03 2.641213533359242950e-03 5.537319999999994018e-03 2.094224011704574808e-03 1.246280000000013011e-03 4.354800000000011960e-03 4.162560000000013055e-03 2.219664754687052533e-03 1.324039999999996600e-03 6.357040000000011709e-03 2.746399999999766758e-04 8.486200000000025320e-03 2.987083999999998532e-02 1.301076477383247831e-02 4.000000000000000083e-03
7.640000000000014835e-03 1.453811542119541785e-02 9.178079999999994715e-03 4.767680000000012845e-03 1.474345923045193400e-03 5.772040000000004320e-03 2.582099406452054765e-03 5.871720000000010820e-03 2.045320506717705766e-03 1.291912373499057298e-03 3.954679999999996011e-03 4.728600000000000338e-03 1.641703956016430516e-03 1.866818470874988646e-03 7.431680000000000404e-03 2.746400000000050819e-04 1.342367999999998993e-02 2.920799999999999785e-02 8.485281374238569721e-03 4.000000000000000083e-03
7.639999999999986212e-03 1.739482681718906507e-02 7.071067811865475346e-03 5.098320000000000803e-03 1.423236244901025273e-03 5.696519999999992249e-03 2.522985279544846197e-03 6.206119999999998131e-03 1.996417001730856674e-03 1.890560000000022015e-03 3.408119999999996690e-03 5.294639999999986753e-03 1.063743157345788332e-03 2.231713854238477016e-03 8.906319999999993617e-03 2.745999999999924174e-04 2.108231999999998080e-02 2.822400000000001644e-02 7.919595949289323991e-03 4.000000000000000083e-03
7.640000000000014835e-03 2.100000000000000130e-02 9.199999999999989436e-03 5.428959999999989627e-03 1.372126566756877311e-03 5.620999999999981046e-03 2.463871152637658012e-03 6.540519999999986310e-03 1.947513496743987198e-03 2.218080835497214260e-03 3.496199999999987512e-03 5.860680000000001791e-03 4.986800000000073075e-04 2.472160000000002324e-03 9.980919999999997294e-03 2.746400000000050819e-04 3.558091999999999505e-02 2.080590992963297914e-02 9.333809511662419234e-03 4.000000000000000083e-03
-7.640000000000014835e-03 2.503999999999999282e-02 1.200000000000000025e-02 5.837675595577401268e-03 4.867519999999984567e-03 5.436519776474652704e-03 4.435765691196958543e-03 6.664792539666918036e-03 6.037239999999996672e-03 4.342342743266581866e-03 4.418710275634732225e-03 6.167017649982839585e-03 5.333280000000001873e-03 3.388200000000011775e-03 1.065555999999998060e-02 0.000000000000000000e+00 3.945555999999999369e-02 1.200000000000000025e-02 1.119999999999998948e-02 -4.000000000000000083e-03
